1512367911,37.625
1512367913,37.625
1512367915,37.7366
1512367917,37.625
1512367919,37.7366
1512367921,37.7366
1512367923,37.625
1512367925,37.7366
1512367927,37.625
1512367929,37.625
1512367931,37.625
1512367933,37.625
1512367935,37.625
1512367937,37.625
1512367940,37.625
1512367942,37.625
1512367944,37.625
1512367946,37.7366
1512367948,37.625
1512367950,37.625
1512367953,37.625
1512367955,37.625
1512367959,37.625
1512367961,37.625
1512367963,37.625
1512367965,37.625
1512367967,37.625
1512367968,37.625
1512367970,37.625
1512367972,37.625
1512367974,37.625
1512367976,37.625
1512367978,37.625
1512367980,37.625
1512367982,37.625
1512367984,37.7366
1512367986,37.7366
1512367988,37.7366
1512367990,37.7366
1512367991,37.7366
1512367993,37.7366
1512367995,37.7366
1512367997,37.7366
1512367999,37.7366
1512368001,37.7366
1512368003,37.7366
1512368005,37.7366
1512368007,37.85
1512368009,37.7366
1512368011,37.85
1512368013,37.85
1512368015,37.85
1512368017,37.85
1512368019,37.9616
1512368021,37.9616
1512368023,37.9616
1512368025,37.9616
1512368028,37.9616
1512368030,37.9616
1512368032,37.85
1512368034,37.85
1512368036,37.85
1512368039,37.9616
1512368041,37.9616
1512368043,37.85
1512368045,37.9616
1512368047,37.85
1512368049,37.85
1512368051,37.85
1512368053,37.85
1512368055,37.85
1512368056,37.85
1512368058,37.85
1512368060,37.85
1512368062,37.85
1512368064,37.85
1512368066,37.85
1512368068,37.85
1512368070,37.7366
1512368072,37.85
1512368075,37.85
1512368077,37.85
1512368078,37.85
1512368080,37.85
1512368082,37.85
1512368084,37.85
1512368086,37.85
1512368088,37.85
1512368090,37.85
1512368092,37.85
1512368094,37.9616
1512368097,37.85
1512368099,37.85
1512368101,37.85
1512368103,37.9616
1512368105,37.85
1512368107,37.85
1512368109,37.85
1512368111,37.85
1512368113,37.85
1512368115,37.85
1512368117,37.85
1512368119,37.85
1512368121,37.85
1512368122,37.85
1512368124,37.85
1512368126,37.85
1512368128,37.85
1512368130,37.85
1512368132,37.85
1512368134,37.85
1512368136,37.85
1512368138,37.85
1512368140,37.85
1512368142,37.85
1512368144,37.85
1512368145,37.85
1512368147,37.85
1512368149,37.85
1512368151,37.85
1512368153,37.85
1512368155,37.85
1512368157,37.85
1512368159,37.85
1512368161,37.9616
1512368163,37.9616
1512368165,37.9616
1512368167,37.85
1512368169,37.85
1512368170,37.85
1512368172,37.85
1512368175,37.85
1512368177,37.85
1512368179,37.85
1512368181,37.85
1512368183,37.7366
1512368185,37.85
1512368187,37.85
1512368189,37.85
1512368191,37.85
1512368192,37.85
1512368194,37.85
1512368197,37.85
1512368199,37.85
1512368201,37.85
1512368203,37.85
1512368205,37.85
1512368207,37.85
1512368209,37.85
1512368211,37.85
1512368213,37.85
1512368214,37.85
1512368216,37.85
1512368218,37.85
1512368220,37.85
1512368222,37.85
1512368224,37.85
1512368226,37.85
1512368228,37.85
1512368230,37.7366
1512368232,37.85
1512368234,37.85
1512368236,37.85
1512368237,37.7366
1512368239,37.85
1512368241,37.85
1512368243,37.85
1512368245,37.85
1512368247,37.85
1512368249,37.85
1512368251,37.85
1512368253,37.85
1512368255,37.85
1512368257,37.7366
1512368259,37.7366
1512368261,37.85
1512368262,37.85
1512368264,37.85
1512368266,37.85
1512368268,37.85
1512368270,37.85
1512368272,37.85
1512368274,37.85
1512368276,37.85
1512368278,37.85
1512368280,37.85
1512368282,37.85
1512368284,37.85
1512368285,37.85
1512368287,37.85
1512368289,37.9616
1512368291,37.9616
1512368293,37.9616
1512368296,37.9616
1512368298,37.9616
1512368300,37.9616
1512368302,37.9616
1512368304,37.9616
1512368306,37.9616
1512368307,37.9616
1512368309,37.9616
1512368311,37.9616
1512368313,37.85
1512368315,37.9616
1512368317,37.9616
1512368319,37.9616
1512368321,37.85
1512368323,37.9616
1512368325,37.9616
1512368327,37.9616
1512368329,37.9616
1512368331,37.9616
1512368332,37.9616
1512368334,37.9616
1512368336,37.9616
1512368338,37.9616
1512368340,37.9616
1512368342,37.9616
1512368344,37.9616
1512368346,38.075
1512368348,38.075
1512368350,38.075
1512368352,37.9616
1512368354,37.9616
1512368356,37.9616
1512368358,38.075
1512368360,37.9616
1512368362,37.9616
1512368364,37.9616
1512368366,37.9616
1512368368,37.9616
1512368370,37.9616
1512368372,37.9616
1512368374,37.9616
1512368376,37.9616
1512368377,38.075
1512368379,38.075
1512368382,38.075
1512368384,38.075
1512368386,38.075
1512368388,38.1866
1512368390,38.1866
1512368392,38.1866
1512368394,38.1866
1512368396,38.1866
1512368398,38.1866
1512368399,38.3
1512368402,38.3
1512368404,38.3
1512368406,38.1866
1512368408,38.3
1512368411,38.3
1512368413,38.3
1512368415,38.3
1512368417,38.3
1512368419,38.3
1512368420,38.3
1512368422,38.3
1512368424,38.4116
1512368426,38.3
1512368428,38.4116
1512368430,38.4116
1512368432,38.3
1512368434,38.3
1512368436,38.3
1512368438,38.3
1512368440,38.3
1512368442,38.3
1512368443,38.3
1512368445,38.4116
1512368447,38.3
1512368449,38.3
1512368451,38.3
1512368453,38.3
1512368455,38.3
1512368457,38.3
1512368459,38.3
1512368461,38.3
1512368463,38.3
1512368465,38.3
1512368467,38.3
1512368468,38.3
1512368470,38.3
1512368472,38.3
1512368474,38.3
1512368476,38.3
1512368478,38.1866
1512368480,38.1866
1512368482,38.1866
1512368484,38.1866
1512368486,38.1866
1512368488,38.1866
1512368490,38.1866
1512368491,38.1866
1512368493,38.1866
1512368495,38.1866
1512368497,38.1866
1512368499,38.1866
1512368501,38.1866
1512368503,38.1866
1512368505,38.1866
1512368507,38.1866
1512368509,38.1866
1512368511,38.1866
1512368513,38.1866
1512368515,38.1866
1512368516,38.1866
1512368518,38.1866
1512368520,38.1866
1512368522,38.1866
1512368524,38.1866
1512368526,38.1866
1512368528,38.1866
1512368530,38.1866
1512368532,38.1866
1512368534,38.1866
1512368536,38.075
1512368538,38.1866
1512368539,38.075
1512368541,38.1866
1512368544,38.1866
1512368547,38.1866
1512368550,38.1866
1512368552,38.1866
1512368554,38.1866
1512368556,38.1866
1512368557,38.1866
1512368559,38.075
1512368561,38.075
1512368563,38.075
1512368565,38.1866
1512368567,38.075
1512368569,38.1866
1512368571,38.1866
1512368573,38.075
1512368575,38.1866
1512368577,38.1866
1512368579,38.1866
1512368581,38.1866
1512368582,38.1866
1512368584,38.1866
1512368586,38.1866
1512368588,38.1866
1512368590,38.1866
1512368592,38.1866
1512368594,38.1866
1512368596,38.1866
1512368599,38.1866
1512368601,38.1866
1512368603,38.1866
1512368604,38.1866
1512368606,38.1866
1512368608,38.1866
1512368610,38.1866
1512368612,38.1866
1512368614,38.1866
1512368617,38.1866
1512368619,38.1866
1512368622,38.1866
1512368623,38.1866
1512368625,38.075
1512368627,38.1866
1512368629,38.1866
1512368633,38.1866
1512368635,38.1866
1512368637,38.1866
1512368639,38.1866
1512368641,38.1866
1512368643,38.1866
1512368645,38.1866
1512368647,38.1866
1512368649,38.1866
1512368651,38.1866
1512368653,38.1866
1512368656,38.075
1512368658,38.1866
1512368660,38.075
1512368662,38.075
1512368663,38.075
1512368665,38.1866
1512368667,38.1866
1512368669,38.075
1512368672,38.1866
1512368674,38.1866
1512368676,38.1866
1512368678,38.1866
1512368680,38.1866
1512368682,38.1866
1512368684,38.1866
1512368685,38.1866
1512368687,38.1866
1512368689,38.1866
1512368691,38.3
1512368693,38.3
1512368695,38.3
1512368697,38.3
1512368699,38.3
1512368701,38.3
1512368703,38.3
1512368705,38.3
1512368707,38.3
1512368709,38.1866
1512368710,38.3
1512368712,38.1866
1512368714,38.3
1512368717,38.1866
1512368719,38.1866
1512368721,38.1866
1512368723,38.1866
1512368725,38.3
1512368727,38.3
1512368729,38.3
1512368731,38.3
1512368732,38.3
1512368734,38.3
1512368736,38.3
1512368738,38.3
1512368740,38.3
1512368742,38.3
1512368744,38.3
1512368746,38.3
1512368748,38.3
1512368750,38.3
1512368752,38.3
1512368754,38.3
1512368755,38.3
1512368757,38.3
1512368759,38.3
1512368761,38.4116
1512368763,38.4116
1512368765,38.4116
1512368767,38.4116
1512368769,38.4116
1512368771,38.4116
1512368773,38.3
1512368775,38.3
1512368777,38.3
1512368779,38.3
1512368780,38.3
1512368783,38.3
1512368786,38.3
1512368788,38.3
1512368790,38.3
1512368792,38.3
1512368794,38.3
1512368796,38.3
1512368798,38.3
1512368799,38.3
1512368802,38.3
1512368804,38.3
1512368806,38.1866
1512368808,38.1866
1512368810,38.1866
1512368812,38.3
1512368814,38.3
1512368816,38.3
1512368818,38.3
1512368820,38.3
1512368821,38.3
1512368823,38.3
1512368825,38.3
1512368827,38.3
1512368829,38.3
1512368831,38.3
1512368833,38.1866
1512368835,38.1866
1512368837,38.1866
1512368839,38.1866
1512368841,38.1866
1512368843,38.1866
1512368845,38.1866
1512368846,38.1866
1512368848,38.1866
1512368850,38.1866
1512368852,38.1866
1512368854,38.1866
1512368856,38.1866
1512368858,38.1866
1512368860,38.1866
1512368862,38.1866
1512368864,38.1866
1512368867,38.1866
1512368868,38.1866
1512368870,38.1866
1512368872,38.1866
1512368874,38.1866
1512368876,38.1866
1512368878,38.1866
1512368880,38.1866
1512368882,38.1866
1512368884,38.1866
1512368886,38.1866
1512368888,38.1866
1512368890,38.1866
1512368892,38.1866
1512368894,38.1866
1512368896,38.1866
1512368898,38.1866
1512368900,38.1866
1512368902,38.1866
1512368904,38.1866
1512368906,38.1866
1512368908,38.1866
1512368910,38.1866
1512368912,38.1866
1512368913,38.075
1512368915,38.075
1512368917,38.1866
1512368920,38.1866
1512368922,38.1866
1512368924,38.1866
1512368926,38.1866
1512368928,38.3
1512368930,38.3
1512368932,38.3
1512368934,38.1866
1512368935,38.1866
1512368937,38.3
1512368939,38.3
1512368941,38.3
1512368943,38.3
1512368945,38.3
1512368947,38.3
1512368949,38.3
1512368951,38.3
1512368955,38.3
1512368956,38.3
1512368958,38.1866
1512368960,38.1866
1512368962,38.1866
1512368964,38.3
1512368966,38.3
1512368968,38.3
1512368970,38.3
1512368972,38.3
1512368974,38.3
1512368976,38.3
1512368978,38.3
1512368979,38.3
1512368981,38.3
1512368983,38.3
1512368985,38.3
1512368987,38.3
1512368989,38.3
1512368991,38.3
1512368993,38.3
1512368995,38.3
1512368997,38.1866
1512368999,38.3
1512369001,38.1866
1512369003,38.1866
1512369004,38.1866
1512369006,38.1866
1512369008,38.1866
1512369010,38.1866
1512369012,38.1866
1512369014,38.3
1512369016,38.3
1512369018,38.3
1512369020,38.3
1512369022,38.3
1512369024,38.3
1512369026,38.3
1512369027,38.3
1512369029,38.3
1512369031,38.3
1512369033,38.3
1512369035,38.3
1512369037,38.3
1512369039,38.3
1512369041,38.3
1512369043,38.3
1512369045,38.3
1512369047,38.3
1512369049,38.3
1512369051,38.3
1512369053,38.3
1512369055,38.3
1512369057,38.3
1512369059,38.1866
1512369061,38.1866
1512369063,38.1866
1512369065,38.1866
1512369067,38.1866
1512369069,38.1866
1512369071,38.3
1512369073,38.1866
1512369074,38.3
1512369076,38.1866
1512369078,38.1866
1512369080,38.3
1512369082,38.1866
1512369084,38.3
1512369086,38.3
1512369088,38.3
1512369090,38.3
1512369092,38.3
1512369094,38.3
1512369096,38.3
1512369097,38.3
1512369099,38.3
1512369101,38.3
1512369103,38.3
1512369105,38.3
1512369107,38.3
1512369109,38.3
1512369111,38.3
1512369113,38.3
1512369115,38.1866
1512369117,38.3
1512369119,38.3
1512369121,38.1866
1512369122,38.3
1512369124,38.3
1512369126,38.1866
1512369128,38.1866
1512369130,38.1866
1512369132,38.3
1512369134,38.3
1512369136,38.3
1512369138,38.3
1512369140,38.3
1512369142,38.3
1512369144,38.1866
1512369145,38.1866
1512369147,38.1866
1512369149,38.1866
1512369151,38.3
1512369153,38.3
1512369155,38.1866
1512369157,38.3
1512369159,38.3
1512369161,38.3
1512369163,38.3
1512369165,38.3
1512369168,38.3
1512369170,38.3
1512369172,38.3
1512369174,38.3
1512369176,38.3
1512369178,38.3
1512369180,38.3
1512369182,38.3
1512369184,38.3
1512369186,38.3
1512369188,38.3
1512369189,38.3
1512369191,38.3
1512369193,38.3
1512369195,38.3
1512369197,38.3
1512369199,38.3
1512369201,38.3
1512369203,38.3
1512369205,38.3
1512369207,38.3
1512369209,38.3
1512369211,38.3
1512369213,38.3
1512369214,38.3
1512369216,38.3
1512369218,38.3
1512369220,38.3
1512369222,38.3
1512369224,38.3
1512369226,38.3
1512369228,38.3
1512369230,38.1866
1512369232,38.1866
1512369234,38.1866
1512369236,38.1866
1512369237,38.1866
1512369239,38.1866
1512369242,38.1866
1512369244,38.1866
1512369246,38.3
1512369248,38.3
1512369250,38.3
1512369252,38.3
1512369254,38.3
1512369256,38.3
1512369258,38.3
1512369259,38.3
1512369261,38.3
1512369263,38.3
1512369265,38.3
1512369267,38.3
1512369269,38.3
1512369271,38.4116
1512369273,38.3
1512369275,38.3
1512369277,38.3
1512369279,38.3
1512369281,38.4116
1512369283,38.4116
1512369284,38.4116
1512369286,38.4116
1512369288,38.4116
1512369291,38.4116
1512369293,38.4116
1512369295,38.4116
1512369297,38.4116
1512369299,38.4116
1512369301,38.4116
1512369303,38.4116
1512369305,38.4116
1512369306,38.4116
1512369308,38.4116
1512369310,38.4116
1512369312,38.3
1512369314,38.3
1512369316,38.3
1512369318,38.3
1512369320,38.3
1512369322,38.3
1512369324,38.3
1512369326,38.3
1512369328,38.3
1512369329,38.3
1512369331,38.3
1512369333,38.3
1512369335,38.3
1512369337,38.3
1512369339,38.3
1512369341,38.3
1512369343,38.3
1512369345,38.3
1512369347,38.3
1512369349,38.3
1512369351,38.3
1512369353,38.3
1512369354,38.3
1512369356,38.3
1512369358,38.3
1512369360,38.3
1512369362,38.3
1512369364,38.3
1512369366,38.3
1512369368,38.3
1512369370,38.3
1512369372,38.3
1512369374,38.3
1512369376,38.3
1512369377,38.3
1512369379,38.3
1512369381,38.3
1512369384,38.3
1512369386,38.3
1512369388,38.1866
1512369390,38.3
1512369392,38.3
1512369394,38.4116
1512369397,38.3
1512369399,38.3
1512369401,38.3
1512369403,38.3
1512369405,38.3
1512369407,38.3
1512369409,38.4116
1512369411,38.4116
1512369413,38.3
1512369415,38.3
1512369417,38.3
1512369419,38.3
1512369420,38.4116
1512369422,38.4116
1512369424,38.3
1512369426,38.4116
1512369428,38.4116
1512369430,38.3
1512369432,38.3
1512369434,38.3
1512369436,38.4116
1512369438,38.3
1512369440,38.3
1512369442,38.3
1512369443,38.3
1512369445,38.4116
1512369447,38.4116
1512369449,38.4116
1512369451,38.4116
1512369453,38.525
1512369455,38.4116
1512369457,38.4116
1512369459,38.4116
1512369461,38.4116
1512369463,38.4116
1512369465,38.4116
1512369467,38.4116
1512369468,38.4116
1512369470,38.4116
1512369472,38.525
1512369474,38.525
1512369476,38.525
1512369478,38.4116
1512369480,38.525
1512369482,38.4116
1512369484,38.4116
1512369486,38.4116
1512369488,38.4116
1512369490,38.4116
1512369491,38.525
1512369493,38.4116
1512369495,38.4116
1512369497,38.4116
1512369500,38.4116
1512369502,38.4116
1512369504,38.4116
1512369506,38.4116
1512369508,38.4116
1512369510,38.4116
1512369512,38.4116
1512369513,38.4116
1512369515,38.3
1512369517,38.4116
1512369519,38.4116
1512369521,38.4116
1512369523,38.4116
1512369525,38.525
1512369527,38.525
1512369529,38.525
1512369531,38.525
1512369533,38.525
1512369535,38.525
1512369537,38.4116
1512369538,38.4116
1512369540,38.525
1512369542,38.525
1512369544,38.525
1512369546,38.4116
1512369548,38.525
1512369550,38.525
1512369552,38.525
1512369554,38.6366
1512369556,38.525
1512369558,38.525
1512369560,38.525
1512369561,38.525
1512369563,38.525
1512369565,38.525
1512369567,38.525
1512369569,38.525
1512369571,38.525
1512369573,38.525
1512369575,38.525
1512369577,38.525
1512369579,38.525
1512369582,38.525
1512369583,38.4116
1512369585,38.4116
1512369587,38.4116
1512369589,38.4116
1512369592,38.4116
1512369594,38.4116
1512369596,38.4116
1512369598,38.4116
1512369600,38.4116
1512369602,38.4116
1512369604,38.4116
1512369606,38.4116
1512369608,38.4116
1512369610,38.4116
1512369612,38.4116
1512369614,38.4116
1512369616,38.4116
1512369618,38.4116
1512369620,38.4116
1512369622,38.4116
1512369624,38.4116
1512369626,38.4116
1512369627,38.4116
1512369629,38.4116
1512369631,38.4116
1512369633,38.4116
1512369635,38.4116
1512369637,38.4116
1512369639,38.4116
1512369641,38.525
1512369643,38.525
1512369645,38.525
1512369647,38.525
1512369649,38.525
1512369651,38.525
1512369652,38.525
1512369654,38.4116
1512369656,38.4116
1512369658,38.4116
1512369660,38.4116
1512369662,38.4116
1512369664,38.4116
1512369666,38.4116
1512369668,38.4116
1512369670,38.4116
1512369672,38.4116
1512369674,38.4116
1512369675,38.4116
1512369677,38.4116
1512369679,38.4116
1512369681,38.525
1512369683,38.525
1512369685,38.525
1512369687,38.525
1512369689,38.4116
1512369691,38.4116
1512369693,38.4116
1512369695,38.525
1512369697,38.4116
1512369699,38.525
1512369700,38.525
1512369702,38.4116
1512369704,38.525
1512369706,38.525
1512369708,38.525
1512369710,38.525
1512369712,38.525
1512369714,38.525
1512369716,38.525
1512369718,38.525
1512369720,38.525
1512369722,38.525
1512369723,38.6366
1512369725,38.6366
1512369727,38.6366
1512369729,38.6366
1512369731,38.525
1512369733,38.525
1512369735,38.6366
1512369737,38.525
1512369739,38.525
1512369741,38.525
1512369743,38.6366
1512369745,38.525
1512369747,38.525
1512369748,38.6366
1512369750,38.6366
1512369752,38.6366
1512369754,38.6366
1512369756,38.6366
1512369758,38.6366
1512369760,38.6366
1512369762,38.6366
1512369764,38.6366
1512369766,38.6366
1512369768,38.6366
1512369770,38.6366
1512369771,38.525
1512369773,38.525
1512369775,38.525
1512369777,38.525
1512369779,38.525
1512369781,38.525
1512369783,38.525
1512369785,38.525
1512369787,38.4116
1512369789,38.4116
1512369791,38.525
1512369793,38.525
1512369795,38.525
1512369796,38.4116
1512369798,38.525
1512369800,38.525
1512369802,38.525
1512369804,38.525
1512369806,38.4116
1512369808,38.525
1512369810,38.4116
1512369812,38.4116
1512369814,38.4116
1512369816,38.4116
1512369818,38.4116
1512369819,38.4116
1512369821,38.4116
1512369823,38.4116
1512369825,38.4116
1512369827,38.4116
1512369829,38.525
1512369831,38.525
1512369833,38.525
1512369835,38.525
1512369837,38.525
1512369839,38.525
1512369841,38.525
1512369843,38.4116
1512369844,38.4116
1512369846,38.4116
1512369848,38.4116
1512369850,38.4116
1512369852,38.4116
1512369854,38.4116
1512369856,38.4116
1512369858,38.4116
1512369860,38.3
1512369862,38.3
1512369864,38.3
1512369866,38.3
1512369867,38.4116
1512369869,38.3
1512369871,38.3
1512369873,38.3
1512369876,38.4116
1512369878,38.4116
1512369880,38.4116
1512369882,38.3
1512369884,38.3
1512369886,38.3
1512369888,38.3
1512369889,38.3
1512369891,38.3
1512369893,38.3
1512369895,38.3
1512369897,38.3
1512369899,38.3
1512369901,38.3
1512369904,38.3
1512369906,38.4116
1512369908,38.4116
1512369910,38.4116
1512369911,38.4116
1512369913,38.525
1512369915,38.4116
1512369917,38.525
1512369919,38.4116
1512369921,38.4116
1512369923,38.4116
1512369925,38.4116
1512369927,38.4116
1512369929,38.4116
1512369931,38.4116
1512369933,38.525
1512369935,38.4116
1512369936,38.4116
1512369938,38.4116
1512369940,38.525
1512369942,38.4116
1512369944,38.525
1512369946,38.525
1512369948,38.525
1512369950,38.525
1512369952,38.525
1512369954,38.525
1512369957,38.525
1512369958,38.525
1512369961,38.525
1512369963,38.525
1512369965,38.525
1512369967,38.525
1512369969,38.525
1512369971,38.4116
1512369973,38.525
1512369975,38.525
1512369977,38.525
1512369979,38.4116
1512369980,38.4116
1512369982,38.4116
1512369984,38.525
1512369986,38.4116
1512369988,38.4116
1512369990,38.4116
1512369992,38.4116
1512369994,38.4116
1512369996,38.4116
1512369998,38.4116
1512370000,38.4116
1512370002,38.4116
1512370003,38.4116
1512370006,38.525
1512370008,38.525
1512370010,38.525
1512370012,38.525
1512370014,38.525
1512370016,38.525
1512370018,38.525
1512370020,38.525
1512370022,38.4116
1512370024,38.4116
1512370025,38.4116
1512370027,38.4116
1512370029,38.4116
1512370031,38.4116
1512370033,38.4116
1512370035,38.4116
1512370037,38.4116
1512370039,38.4116
1512370041,38.4116
1512370044,38.525
1512370046,38.4116
1512370047,38.4116
1512370049,38.4116
1512370051,38.525
1512370053,38.525
1512370055,38.6366
1512370057,38.525
1512370059,38.525
1512370061,38.525
1512370063,38.525
1512370065,38.525
1512370067,38.525
1512370069,38.4116
1512370071,38.4116
1512370072,38.4116
1512370074,38.525
1512370076,38.525
1512370078,38.525
1512370080,38.525
1512370082,38.4116
1512370084,38.4116
1512370086,38.525
1512370088,38.525
1512370090,38.525
1512370092,38.525
1512370094,38.525
1512370095,38.6366
1512370097,38.525
1512370099,38.6366
1512370101,38.6366
1512370103,38.6366
1512370105,38.6366
1512370107,38.6366
1512370109,38.6366
1512370111,38.6366
1512370113,38.525
1512370115,38.6366
1512370117,38.6366
1512370119,38.6366
1512370120,38.6366
1512370122,38.6366
1512370124,38.6366
1512370126,38.525
1512370128,38.6366
1512370130,38.525
1512370132,38.525
1512370134,38.525
1512370136,38.6366
1512370138,38.6366
1512370140,38.6366
1512370142,38.6366
1512370143,38.525
1512370145,38.525
1512370147,38.525
1512370149,38.525
1512370151,38.525
1512370153,38.525
1512370155,38.525
1512370157,38.525
1512370159,38.525
1512370161,38.525
1512370163,38.525
1512370165,38.525
1512370167,38.525
1512370168,38.525
1512370170,38.525
1512370172,38.525
1512370174,38.525
1512370176,38.4116
1512370178,38.4116
1512370180,38.4116
1512370182,38.525
1512370184,38.4116
1512370186,38.4116
1512370188,38.4116
1512370190,38.4116
1512370191,38.4116
1512370193,38.525
1512370195,38.4116
1512370197,38.4116
1512370199,38.4116
1512370201,38.4116
1512370203,38.4116
1512370205,38.4116
1512370207,38.4116
1512370209,38.525
1512370211,38.525
1512370213,38.525
1512370215,38.4116
1512370216,38.4116
1512370218,38.4116
1512370220,38.4116
1512370222,38.4116
1512370224,38.525
1512370226,38.525
1512370228,38.4116
1512370230,38.525
1512370232,38.525
1512370234,38.525
1512370236,38.525
1512370238,38.525
1512370239,38.6366
1512370241,38.6366
1512370243,38.6366
1512370245,38.75
1512370247,38.75
1512370249,38.75
1512370251,38.8616
1512370253,38.8616
1512370255,38.8616
1512370257,38.8616
1512370259,38.975
1512370261,38.975
1512370263,38.8616
1512370264,38.8616
1512370266,38.8616
1512370268,38.8616
1512370270,38.8616
1512370272,38.8616
1512370274,38.8616
1512370276,38.975
1512370278,38.8616
1512370280,38.8616
1512370282,38.8616
1512370284,38.8616
1512370286,38.8616
1512370287,38.8616
1512370289,38.75
1512370291,38.75
1512370293,38.75
1512370295,38.75
1512370297,38.75
1512370299,38.6366
1512370301,38.6366
1512370303,38.6366
1512370305,38.6366
1512370307,38.6366
1512370309,38.525
1512370311,38.525
1512370312,38.525
1512370314,38.525
1512370316,38.525
1512370318,38.525
1512370320,38.4116
1512370322,38.4116
1512370324,38.4116
1512370326,38.4116
1512370328,38.4116
1512370330,38.4116
1512370332,38.4116
1512370334,38.3
1512370335,38.4116
1512370337,38.4116
1512370339,38.4116
1512370341,38.3
1512370343,38.3
1512370345,38.3
1512370347,38.4116
1512370349,38.4116
1512370351,38.4116
1512370353,38.4116
1512370355,38.4116
1512370357,38.4116
1512370359,38.4116
1512370360,38.4116
1512370362,38.525
1512370364,38.525
1512370366,38.4116
1512370368,38.4116
1512370370,38.525
1512370372,38.525
1512370374,38.525
1512370376,38.525
1512370378,38.525
1512370380,38.525
1512370382,38.525
1512370383,38.525
1512370385,38.525
1512370387,38.525
1512370389,38.525
1512370391,38.525
1512370393,38.525
1512370395,38.525
1512370397,38.4116
1512370399,38.4116
1512370401,38.525
1512370403,38.4116
1512370405,38.4116
1512370407,38.4116
1512370408,38.4116
1512370410,38.4116
1512370412,38.4116
1512370414,38.4116
1512370416,38.4116
1512370418,38.525
1512370420,38.525
1512370422,38.525
1512370424,38.525
1512370426,38.525
1512370428,38.4116
1512370430,38.4116
1512370431,38.4116
1512370433,38.4116
1512370435,38.4116
1512370437,38.4116
1512370439,38.4116
1512370441,38.4116
1512370443,38.4116
1512370445,38.4116
1512370447,38.4116
1512370449,38.3
1512370451,38.3
1512370453,38.3
1512370455,38.3
1512370456,38.4116
1512370458,38.4116
1512370460,38.4116
1512370462,38.4116
1512370464,38.4116
1512370466,38.4116
1512370468,38.4116
1512370470,38.4116
1512370472,38.4116
1512370474,38.4116
1512370476,38.4116
1512370478,38.4116
1512370479,38.4116
1512370481,38.4116
1512370483,38.4116
1512370485,38.4116
1512370487,38.4116
1512370489,38.4116
1512370491,38.4116
1512370493,38.4116
1512370495,38.525
1512370497,38.525
1512370499,38.525
1512370501,38.525
1512370503,38.4116
1512370504,38.525
1512370506,38.525
1512370508,38.525
1512370510,38.525
1512370512,38.525
1512370514,38.6366
1512370516,38.6366
1512370518,38.525
1512370520,38.525
1512370522,38.6366
1512370524,38.6366
1512370526,38.6366
1512370527,38.6366
1512370529,38.6366
1512370531,38.525
1512370533,38.6366
1512370535,38.6366
1512370537,38.6366
1512370539,38.6366
1512370542,38.6366
1512370544,38.6366
1512370546,38.6366
1512370548,38.6366
1512370549,38.6366
1512370551,38.6366
1512370553,38.525
1512370555,38.525
1512370558,38.6366
1512370560,38.525
1512370562,38.525
1512370564,38.525
1512370566,38.525
1512370568,38.4116
1512370570,38.525
1512370571,38.4116
1512370573,38.525
1512370575,38.525
1512370577,38.4116
1512370579,38.4116
1512370581,38.4116
1512370583,38.525
1512370585,38.525
1512370587,38.525
1512370589,38.525
1512370591,38.525
1512370593,38.525
1512370595,38.525
1512370596,38.525
1512370598,38.525
1512370600,38.525
1512370602,38.525
1512370604,38.525
1512370607,38.525
1512370609,38.525
1512370611,38.525
1512370613,38.525
1512370615,38.4116
1512370617,38.525
1512370618,38.525
1512370620,38.525
1512370622,38.525
1512370624,38.6366
1512370626,38.6366
1512370628,38.6366
1512370630,38.6366
1512370632,38.6366
1512370634,38.6366
1512370636,38.6366
1512370638,38.6366
1512370640,38.6366
1512370641,38.75
1512370643,38.75
1512370645,38.75
1512370647,38.6366
1512370649,38.6366
1512370651,38.6366
1512370653,38.75
1512370655,38.6366
1512370657,38.75
1512370659,38.6366
1512370661,38.6366
1512370663,38.6366
1512370665,38.6366
1512370666,38.6366
1512370669,38.6366
1512370671,38.6366
1512370673,38.6366
1512370675,38.6366
1512370677,38.75
1512370679,38.6366
1512370681,38.6366
1512370683,38.6366
1512370685,38.6366
1512370687,38.6366
1512370689,38.6366
1512370691,38.6366
1512370693,38.6366
1512370695,38.6366
1512370697,38.6366
1512370699,38.6366
1512370701,38.6366
1512370703,38.525
1512370705,38.525
1512370707,38.6366
1512370709,38.6366
1512370710,38.525
1512370712,38.525
1512370714,38.525
1512370716,38.525
1512370718,38.525
1512370720,38.525
1512370722,38.525
1512370724,38.525
1512370726,38.525
1512370728,38.525
1512370730,38.525
1512370732,38.525
1512370733,38.525
1512370735,38.525
1512370737,38.525
1512370739,38.525
1512370741,38.525
1512370743,38.4116
1512370745,38.4116
1512370747,38.4116
1512370749,38.4116
1512370751,38.4116
1512370753,38.525
1512370755,38.525
1512370757,38.525
1512370758,38.525
1512370760,38.525
1512370762,38.525
1512370764,38.525
1512370766,38.525
1512370768,38.525
1512370770,38.6366
1512370772,38.6366
1512370774,38.6366
1512370776,38.6366
1512370778,38.525
1512370780,38.6366
1512370781,38.525
1512370783,38.525
1512370785,38.6366
1512370787,38.6366
1512370789,38.6366
1512370791,38.6366
1512370793,38.6366
1512370795,38.75
1512370797,38.75
1512370799,38.75
1512370801,38.75
1512370803,38.75
1512370805,38.75
1512370806,38.75
1512370808,38.75
1512370810,38.75
1512370812,38.75
1512370814,38.75
1512370816,38.8616
1512370818,38.8616
1512370820,38.75
1512370822,38.8616
1512370824,38.75
1512370826,38.75
1512370828,38.8616
1512370829,38.8616
1512370831,38.75
1512370833,38.8616
1512370835,38.8616
1512370837,38.8616
1512370839,38.8616
1512370841,38.8616
1512370843,38.8616
1512370845,38.8616
1512370847,38.8616
1512370849,38.8616
1512370851,38.8616
1512370853,38.8616
1512370854,38.75
1512370856,38.75
1512370858,38.75
1512370860,38.75
1512370862,38.75
1512370864,38.75
1512370866,38.6366
1512370868,38.6366
1512370870,38.6366
1512370872,38.6366
1512370874,38.75
1512370876,38.6366
1512370877,38.75
1512370879,38.6366
1512370881,38.6366
1512370883,38.6366
1512370885,38.6366
1512370887,38.75
1512370889,38.6366
1512370891,38.6366
1512370893,38.6366
1512370895,38.6366
1512370897,38.6366
1512370899,38.6366
1512370901,38.6366
1512370902,38.6366
1512370904,38.6366
1512370906,38.6366
1512370908,38.6366
1512370910,38.6366
1512370912,38.6366
1512370914,38.6366
1512370916,38.6366
1512370918,38.6366
1512370920,38.75
1512370922,38.75
1512370924,38.75
1512370925,38.6366
1512370927,38.75
1512370929,38.75
1512370932,38.6366
1512370934,38.75
1512370936,38.75
1512370938,38.75
1512370940,38.75
1512370942,38.75
1512370944,38.75
1512370946,38.75
1512370947,38.75
1512370949,38.75
1512370951,38.75
1512370953,38.75
1512370955,38.75
1512370957,38.6366
1512370959,38.6366
1512370961,38.6366
1512370963,38.6366
1512370965,38.6366
1512370967,38.525
1512370969,38.6366
1512370971,38.6366
1512370972,38.6366
1512370974,38.525
1512370976,38.525
1512370978,38.525
1512370980,38.525
1512370982,38.525
1512370984,38.525
1512370987,38.6366
1512370989,38.6366
1512370991,38.525
1512370993,38.6366
1512370994,38.6366
1512370996,38.6366
1512370998,38.6366
1512371000,38.525
1512371002,38.6366
1512371004,38.525
1512371006,38.6366
1512371008,38.6366
1512371010,38.6366
1512371012,38.6366
1512371014,38.6366
1512371016,38.6366
1512371017,38.525
1512371019,38.6366
1512371021,38.6366
1512371023,38.6366
1512371025,38.6366
1512371027,38.525
1512371029,38.525
1512371031,38.6366
1512371033,38.6366
1512371035,38.6366
1512371037,38.6366
1512371039,38.6366
1512371041,38.6366
1512371042,38.6366
1512371044,38.525
1512371046,38.525
1512371048,38.525
1512371050,38.525
1512371052,38.6366
1512371054,38.6366
1512371056,38.6366
1512371058,38.6366
1512371060,38.6366
1512371062,38.6366
1512371064,38.6366
1512371065,38.6366
1512371067,38.6366
1512371069,38.6366
1512371071,38.6366
1512371073,38.6366
1512371075,38.6366
1512371077,38.6366
1512371079,38.6366
1512371081,38.6366
1512371083,38.6366
1512371085,38.6366
1512371087,38.6366
1512371089,38.525
1512371090,38.525
1512371092,38.6366
1512371094,38.6366
1512371096,38.525
1512371098,38.525
1512371100,38.6366
1512371102,38.6366
1512371104,38.6366
1512371106,38.6366
1512371108,38.525
1512371110,38.525
1512371112,38.6366
1512371113,38.6366
1512371115,38.6366
1512371117,38.525
1512371119,38.6366
1512371121,38.6366
1512371123,38.6366
1512371125,38.6366
1512371127,38.6366
1512371129,38.6366
1512371131,38.6366
1512371133,38.6366
1512371135,38.6366
1512371137,38.6366
1512371138,38.6366
1512371140,38.6366
1512371142,38.6366
1512371144,38.6366
1512371146,38.6366
1512371148,38.6366
1512371150,38.6366
1512371152,38.6366
1512371154,38.6366
1512371156,38.6366
1512371158,38.6366
1512371160,38.6366
1512371161,38.6366
1512371163,38.6366
1512371165,38.6366
1512371167,38.6366
1512371169,38.6366
1512371171,38.525
1512371173,38.6366
1512371175,38.6366
1512371177,38.525
1512371179,38.525
1512371181,38.6366
1512371183,38.6366
1512371185,38.525
1512371186,38.525
1512371188,38.525
1512371191,38.525
1512371193,38.525
1512371195,38.525
1512371197,38.525
1512371199,38.525
1512371201,38.6366
1512371203,38.525
1512371205,38.525
1512371207,38.525
1512371208,38.525
1512371210,38.525
1512371212,38.525
1512371214,38.525
1512371216,38.525
1512371218,38.525
1512371220,38.525
1512371222,38.525
1512371224,38.525
1512371226,38.6366
1512371228,38.6366
1512371230,38.6366
1512371231,38.6366
1512371233,38.6366
1512371235,38.6366
1512371237,38.525
1512371239,38.525
1512371241,38.525
1512371243,38.525
1512371245,38.6366
1512371247,38.525
1512371249,38.525
1512371251,38.525
1512371253,38.525
1512371255,38.525
1512371256,38.525
1512371258,38.525
1512371260,38.525
1512371262,38.525
1512371264,38.525
1512371266,38.525
1512371268,38.525
1512371270,38.525
1512371272,38.4116
1512371274,38.4116
1512371276,38.4116
1512371278,38.4116
1512371279,38.4116
1512371281,38.4116
1512371283,38.4116
1512371285,38.4116
1512371287,38.4116
1512371289,38.4116
1512371291,38.4116
1512371293,38.3
1512371295,38.3
1512371297,38.3
1512371299,38.4116
1512371301,38.3
1512371303,38.3
1512371304,38.3
1512371306,38.3
1512371308,38.3
1512371310,38.3
1512371312,38.4116
1512371314,38.3
1512371316,38.3
1512371318,38.3
1512371320,38.4116
1512371322,38.4116
1512371324,38.4116
1512371326,38.4116
1512371327,38.3
1512371329,38.4116
1512371331,38.4116
1512371333,38.4116
1512371335,38.3
1512371337,38.4116
1512371339,38.4116
1512371341,38.4116
1512371343,38.4116
1512371345,38.4116
1512371347,38.4116
1512371349,38.4116
1512371351,38.4116
1512371352,38.525
1512371354,38.525
1512371356,38.525
1512371358,38.525
1512371360,38.525
1512371362,38.525
1512371364,38.525
1512371366,38.525
1512371368,38.525
1512371370,38.525
1512371372,38.525
1512371374,38.4116
1512371375,38.4116
1512371377,38.4116
1512371379,38.4116
1512371381,38.4116
1512371383,38.4116
1512371385,38.4116
1512371387,38.4116
1512371389,38.4116
1512371391,38.4116
1512371393,38.4116
1512371395,38.4116
1512371397,38.4116
1512371399,38.4116
1512371400,38.4116
1512371402,38.525
1512371404,38.4116
1512371406,38.4116
1512371408,38.4116
1512371410,38.4116
1512371412,38.4116
1512371414,38.4116
1512371416,38.4116
1512371418,38.525
1512371420,38.525
1512371422,38.525
1512371423,38.525
1512371425,38.525
1512371427,38.525
1512371429,38.525
1512371431,38.6366
1512371433,38.6366
1512371435,38.6366
1512371437,38.525
1512371439,38.525
1512371441,38.6366
1512371443,38.6366
1512371445,38.6366
1512371447,38.6366
1512371449,38.6366
1512371450,38.6366
1512371452,38.6366
1512371454,38.6366
1512371456,38.6366
1512371458,38.6366
1512371460,38.6366
1512371462,38.6366
1512371464,38.6366
1512371466,38.6366
1512371469,38.6366
1512371471,38.6366
1512371472,38.6366
1512371474,38.6366
1512371476,38.6366
1512371478,38.6366
1512371480,38.6366
1512371482,38.6366
1512371484,38.6366
1512371486,38.6366
1512371488,38.525
1512371490,38.525
1512371492,38.525
1512371494,38.525
1512371495,38.525
1512371497,38.525
1512371499,38.525
1512371501,38.525
1512371503,38.525
1512371505,38.525
1512371507,38.525
1512371509,38.525
1512371511,38.525
1512371513,38.525
1512371515,38.525
1512371517,38.525
1512371519,38.525
1512371520,38.525
1512371522,38.525
1512371524,38.525
1512371526,38.525
1512371528,38.525
1512371530,38.525
1512371532,38.4116
1512371534,38.525
1512371536,38.525
1512371538,38.4116
1512371540,38.525
1512371542,38.525
1512371543,38.525
1512371545,38.525
1512371547,38.525
1512371549,38.525
1512371551,38.525
1512371553,38.525
1512371555,38.525
1512371557,38.525
1512371559,38.525
1512371561,38.4116
1512371563,38.4116
1512371565,38.4116
1512371567,38.525
1512371568,38.4116
1512371570,38.4116
1512371572,38.4116
1512371574,38.4116
1512371576,38.4116
1512371578,38.4116
1512371580,38.4116
1512371582,38.4116
1512371584,38.4116
1512371586,38.3
1512371588,38.3
1512371590,38.4116
1512371591,38.4116
1512371593,38.4116
1512371595,38.4116
1512371598,38.4116
1512371600,38.4116
1512371602,38.4116
1512371604,38.4116
1512371606,38.525
1512371608,38.525
1512371610,38.525
1512371612,38.525
1512371613,38.525
1512371615,38.525
1512371617,38.525
1512371619,38.525
1512371621,38.525
1512371623,38.525
1512371625,38.525
1512371627,38.525
1512371629,38.525
1512371631,38.525
1512371633,38.525
1512371635,38.525
1512371637,38.525
1512371638,38.525
1512371640,38.525
1512371642,38.525
1512371644,38.6366
1512371646,38.6366
1512371648,38.525
1512371650,38.525
1512371652,38.525
1512371654,38.525
1512371656,38.525
1512371658,38.525
1512371660,38.525
1512371661,38.525
1512371663,38.525
1512371665,38.525
1512371667,38.525
1512371669,38.525
1512371671,38.525
1512371673,38.525
1512371675,38.4116
1512371677,38.525
1512371679,38.525
1512371681,38.4116
1512371683,38.525
1512371685,38.525
1512371686,38.525
1512371688,38.525
1512371690,38.525
1512371692,38.4116
1512371694,38.4116
1512371696,38.525
1512371698,38.525
1512371700,38.525
1512371702,38.525
1512371704,38.525
1512371706,38.525
1512371708,38.4116
1512371709,38.4116
1512371711,38.525
1512371713,38.525
1512371715,38.4116
1512371717,38.525
1512371719,38.525
1512371721,38.4116
1512371723,38.4116
1512371725,38.4116
1512371727,38.4116
1512371729,38.4116
1512371731,38.4116
1512371733,38.4116
1512371734,38.4116
1512371736,38.4116
1512371738,38.4116
1512371740,38.525
1512371742,38.4116
1512371744,38.4116
1512371746,38.4116
1512371748,38.525
1512371750,38.525
1512371752,38.4116
1512371754,38.525
1512371756,38.525
1512371757,38.4116
1512371759,38.525
1512371761,38.525
1512371763,38.525
1512371765,38.525
1512371767,38.4116
1512371769,38.4116
1512371771,38.4116
1512371773,38.4116
1512371775,38.4116
1512371777,38.525
1512371779,38.4116
1512371781,38.4116
1512371782,38.4116
1512371784,38.4116
1512371786,38.4116
1512371788,38.4116
1512371790,38.4116
1512371792,38.4116
1512371794,38.4116
1512371796,38.4116
1512371798,38.4116
1512371800,38.4116
1512371802,38.4116
1512371804,38.4116
1512371805,38.4116
1512371807,38.4116
1512371809,38.4116
1512371811,38.4116
1512371813,38.3
1512371815,38.4116
1512371817,38.4116
1512371819,38.4116
1512371821,38.4116
1512371823,38.3
1512371825,38.3
1512371827,38.3
1512371829,38.3
1512371830,38.3
1512371832,38.3
1512371834,38.3
1512371836,38.3
1512371838,38.3
1512371840,38.3
1512371842,38.4116
1512371844,38.4116
1512371846,38.4116
1512371848,38.3
1512371850,38.3
1512371852,38.3
1512371853,38.3
1512371855,38.3
1512371857,38.3
1512371859,38.3
1512371861,38.3
1512371863,38.3
1512371865,38.3
1512371867,38.3
1512371869,38.3
1512371871,38.3
1512371873,38.3
1512371875,38.3
1512371877,38.3
1512371878,38.3
1512371880,38.3
1512371882,38.3
1512371884,38.3
1512371886,38.3
1512371888,38.3
1512371890,38.3
1512371892,38.3
1512371894,38.3
1512371896,38.3
1512371898,38.3
1512371900,38.3
1512371901,38.3
1512371903,38.3
1512371905,38.3
1512371907,38.3
1512371909,38.3
1512371911,38.3
1512371913,38.3
1512371915,38.4116
1512371917,38.4116
1512371919,38.3
1512371921,38.4116
1512371923,38.4116
1512371925,38.4116
1512371926,38.4116
1512371928,38.4116
1512371930,38.4116
1512371932,38.4116
1512371934,38.3
1512371936,38.4116
1512371938,38.4116
1512371940,38.4116
1512371942,38.4116
1512371944,38.4116
1512371946,38.4116
1512371948,38.4116
1512371949,38.4116
1512371951,38.4116
1512371953,38.4116
1512371955,38.4116
1512371958,38.4116
1512371960,38.4116
1512371962,38.4116
1512371964,38.4116
1512371966,38.4116
1512371968,38.4116
1512371970,38.4116
1512371971,38.3
1512371973,38.4116
1512371975,38.4116
1512371977,38.4116
1512371979,38.4116
1512371981,38.4116
1512371983,38.4116
1512371985,38.4116
1512371987,38.4116
1512371989,38.4116
1512371991,38.4116
1512371993,38.4116
1512371995,38.4116
1512371996,38.4116
1512371998,38.4116
1512372000,38.4116
1512372002,38.4116
1512372004,38.4116
1512372006,38.4116
1512372008,38.4116
1512372010,38.4116
1512372012,38.4116
1512372014,38.525
1512372016,38.525
1512372018,38.525
1512372019,38.525
1512372021,38.525
1512372023,38.525
1512372025,38.525
1512372027,38.525
1512372029,38.525
1512372031,38.525
1512372033,38.525
1512372035,38.525
1512372037,38.525
1512372039,38.525
1512372041,38.525
1512372043,38.525
1512372044,38.525
1512372046,38.6366
1512372048,38.6366
1512372050,38.6366
1512372052,38.6366
1512372054,38.6366
1512372056,38.6366
1512372058,38.75
1512372060,38.75
1512372062,38.75
1512372064,38.75
1512372066,38.6366
1512372067,38.6366
1512372069,38.6366
1512372071,38.6366
1512372073,38.6366
1512372075,38.6366
1512372077,38.6366
1512372079,38.75
1512372081,38.6366
1512372083,38.6366
1512372085,38.6366
1512372087,38.6366
1512372089,38.6366
1512372091,38.6366
1512372092,38.6366
1512372094,38.6366
1512372096,38.6366
1512372099,38.6366
1512372101,38.525
1512372103,38.525
1512372105,38.525
1512372107,38.525
1512372109,38.525
1512372111,38.525
1512372113,38.525
1512372114,38.525
1512372116,38.525
1512372118,38.525
1512372120,38.525
1512372122,38.6366
1512372124,38.6366
1512372126,38.6366
1512372128,38.6366
1512372130,38.6366
1512372132,38.6366
1512372134,38.6366
1512372136,38.525
1512372137,38.6366
1512372139,38.6366
1512372141,38.6366
1512372143,38.6366
1512372145,38.6366
1512372147,38.6366
1512372149,38.6366
1512372151,38.6366
1512372153,38.6366
1512372155,38.6366
1512372157,38.6366
1512372159,38.6366
1512372161,38.6366
1512372162,38.6366
1512372164,38.6366
1512372166,38.6366
1512372168,38.6366
1512372170,38.6366
1512372172,38.6366
1512372174,38.525
1512372176,38.525
1512372178,38.6366
1512372180,38.6366
1512372182,38.6366
1512372184,38.6366
1512372185,38.525
1512372187,38.525
1512372189,38.525
1512372191,38.525
1512372193,38.525
1512372195,38.525
1512372197,38.525
1512372199,38.525
1512372201,38.525
1512372203,38.525
1512372205,38.525
1512372207,38.525
1512372209,38.525
1512372210,38.525
1512372212,38.525
1512372214,38.525
1512372216,38.525
1512372218,38.525
1512372220,38.525
1512372222,38.6366
1512372224,38.6366
1512372226,38.525
1512372228,38.525
1512372230,38.525
1512372232,38.525
1512372233,38.525
1512372235,38.525
1512372237,38.6366
1512372239,38.6366
1512372241,38.525
1512372243,38.525
1512372245,38.525
1512372247,38.4116
1512372249,38.525
1512372251,38.525
1512372253,38.525
1512372255,38.4116
1512372257,38.4116
1512372258,38.4116
1512372260,38.4116
1512372262,38.4116
1512372264,38.4116
1512372266,38.4116
1512372268,38.525
1512372270,38.4116
1512372272,38.4116
1512372274,38.4116
1512372276,38.4116
1512372278,38.4116
1512372280,38.525
1512372281,38.4116
1512372283,38.4116
1512372285,38.4116
1512372287,38.525
1512372289,38.4116
1512372291,38.4116
1512372293,38.4116
1512372295,38.4116
1512372297,38.4116
1512372299,38.4116
1512372301,38.4116
1512372303,38.4116
1512372305,38.4116
1512372306,38.4116
1512372308,38.4116
1512372310,38.4116
1512372312,38.4116
1512372314,38.4116
1512372316,38.4116
1512372318,38.4116
1512372320,38.4116
1512372322,38.4116
1512372324,38.4116
1512372326,38.4116
1512372328,38.4116
1512372329,38.4116
1512372331,38.3
1512372333,38.3
1512372335,38.3
1512372337,38.3
1512372339,38.3
1512372341,38.3
1512372343,38.3
1512372345,38.3
1512372347,38.3
1512372349,38.3
1512372351,38.3
1512372353,38.3
1512372354,38.3
1512372356,38.3
1512372358,38.3
1512372360,38.3
1512372362,38.3
1512372364,38.3
1512372366,38.3
1512372368,38.3
1512372370,38.4116
1512372372,38.4116
1512372374,38.4116
1512372376,38.4116
1512372377,38.4116
1512372379,38.4116
1512372381,38.4116
1512372383,38.3
1512372385,38.4116
1512372387,38.4116
1512372389,38.4116
1512372391,38.4116
1512372393,38.4116
1512372395,38.4116
1512372397,38.4116
1512372399,38.4116
1512372401,38.4116
1512372402,38.4116
1512372404,38.4116
1512372406,38.4116
1512372408,38.525
1512372410,38.4116
1512372412,38.4116
1512372414,38.4116
1512372416,38.4116
1512372418,38.4116
1512372420,38.4116
1512372422,38.4116
1512372424,38.4116
1512372425,38.525
1512372427,38.4116
1512372429,38.4116
1512372431,38.4116
1512372433,38.4116
1512372435,38.4116
1512372437,38.525
1512372439,38.525
1512372441,38.4116
1512372443,38.4116
1512372445,38.4116
1512372447,38.4116
1512372449,38.4116
1512372450,38.4116
1512372452,38.4116
1512372454,38.4116
1512372456,38.525
1512372458,38.525
1512372460,38.525
1512372462,38.4116
1512372464,38.525
1512372466,38.525
1512372468,38.525
1512372470,38.4116
1512372472,38.4116
1512372473,38.4116
1512372475,38.525
1512372477,38.525
1512372479,38.525
1512372481,38.4116
1512372483,38.4116
1512372485,38.525
1512372487,38.4116
1512372489,38.4116
1512372491,38.4116
1512372493,38.4116
1512372495,38.4116
1512372497,38.4116
1512372498,38.4116
1512372500,38.4116
1512372502,38.4116
1512372504,38.4116
1512372506,38.4116
1512372508,38.4116
1512372510,38.4116
1512372512,38.4116
1512372514,38.4116
1512372516,38.4116
1512372518,38.4116
1512372520,38.4116
1512372521,38.4116
1512372523,38.4116
1512372525,38.4116
1512372527,38.4116
1512372529,38.525
1512372531,38.525
1512372533,38.4116
1512372535,38.525
1512372537,38.525
1512372539,38.4116
1512372541,38.4116
1512372543,38.525
1512372545,38.4116
1512372546,38.4116
1512372548,38.525
1512372550,38.525
1512372552,38.525
1512372554,38.525
1512372556,38.525
1512372558,38.4116
1512372560,38.4116
1512372562,38.4116
1512372564,38.525
1512372566,38.525
1512372568,38.525
1512372569,38.525
1512372571,38.525
1512372573,38.525
1512372575,38.525
1512372577,38.4116
1512372579,38.4116
1512372581,38.4116
1512372583,38.4116
1512372585,38.4116
1512372587,38.4116
1512372589,38.4116
1512372591,38.4116
1512372593,38.4116
1512372594,38.4116
1512372596,38.4116
1512372598,38.4116
1512372600,38.4116
1512372602,38.4116
1512372604,38.4116
1512372606,38.4116
1512372608,38.4116
1512372610,38.4116
1512372612,38.4116
1512372614,38.4116
1512372616,38.4116
1512372617,38.4116
1512372619,38.4116
1512372621,38.4116
1512372623,38.4116
1512372625,38.4116
1512372627,38.4116
1512372629,38.4116
1512372631,38.4116
1512372633,38.4116
1512372635,38.4116
1512372637,38.4116
1512372639,38.4116
1512372641,38.4116
1512372642,38.4116
1512372644,38.4116
1512372646,38.3
1512372648,38.4116
1512372650,38.525
1512372652,38.4116
1512372654,38.4116
1512372656,38.4116
1512372658,38.525
1512372660,38.4116
1512372662,38.525
1512372664,38.525
1512372665,38.525
1512372667,38.525
1512372669,38.525
1512372671,38.525
1512372673,38.4116
1512372675,38.525
1512372677,38.525
1512372679,38.525
1512372681,38.525
1512372683,38.525
1512372685,38.525
1512372687,38.525
1512372689,38.525
1512372690,38.525
1512372692,38.525
1512372694,38.525
1512372696,38.525
1512372698,38.4116
1512372700,38.4116
1512372702,38.4116
1512372704,38.4116
1512372706,38.4116
1512372708,38.4116
1512372710,38.4116
1512372712,38.4116
1512372713,38.4116
1512372715,38.525
1512372717,38.525
1512372719,38.4116
1512372721,38.525
1512372723,38.4116
1512372725,38.4116
1512372727,38.525
1512372729,38.525
1512372731,38.525
1512372733,38.525
1512372735,38.4116
1512372737,38.525
1512372738,38.4116
1512372740,38.4116
1512372742,38.4116
1512372744,38.525
1512372746,38.4116
1512372748,38.4116
1512372750,38.4116
1512372752,38.4116
1512372754,38.4116
1512372756,38.4116
1512372758,38.4116
1512372760,38.525
1512372761,38.525
1512372763,38.525
1512372765,38.525
1512372767,38.525
1512372769,38.525
1512372771,38.525
1512372773,38.525
1512372775,38.525
1512372777,38.525
1512372779,38.525
1512372781,38.525
1512372783,38.4116
1512372785,38.525
1512372786,38.525
1512372788,38.525
1512372790,38.525
1512372792,38.525
1512372794,38.525
1512372796,38.525
1512372798,38.525
1512372800,38.525
1512372802,38.525
1512372804,38.525
1512372806,38.525
1512372808,38.525
1512372809,38.4116
1512372811,38.3
1512372813,38.3
1512372815,38.1866
1512372817,38.075
1512372819,38.075
1512372821,38.075
1512372823,38.075
1512372825,37.9616
1512372827,37.85
1512372829,37.85
1512372831,37.85
1512372833,37.7366
1512372834,37.7366
1512372836,37.7366
1512372838,37.85
1512372840,37.85
1512372842,37.85
1512372844,37.85
1512372846,37.85
1512372848,37.9616
1512372850,37.9616
1512372852,37.9616
1512372854,38.075
1512372856,38.1866
1512372857,38.1866
1512372859,38.1866
1512372861,38.075
1512372863,38.1866
1512372865,38.1866
1512372867,38.3
1512372869,38.3
1512372871,38.4116
1512372873,38.4116
1512372875,38.525
1512372877,38.525
1512372879,38.525
1512372881,38.525
1512372882,38.6366
1512372884,38.6366
1512372886,38.6366
1512372888,38.6366
1512372890,38.6366
1512372892,38.6366
1512372894,38.6366
1512372896,38.6366
1512372898,38.6366
1512372900,38.6366
1512372902,38.6366
1512372904,38.6366
1512372905,38.6366
1512372907,38.75
1512372909,38.75
1512372911,38.75
1512372913,38.6366
1512372915,38.6366
1512372917,38.6366
1512372919,38.6366
1512372921,38.6366
1512372923,38.6366
1512372925,38.6366
1512372927,38.6366
1512372929,38.6366
1512372930,38.6366
1512372932,38.6366
1512372934,38.525
1512372936,38.6366
1512372938,38.6366
1512372940,38.6366
1512372942,38.6366
1512372944,38.6366
1512372946,38.6366
1512372948,38.6366
1512372950,38.6366
1512372952,38.525
1512372953,38.525
1512372955,38.525
1512372957,38.525
1512372959,38.4116
1512372961,38.3
1512372963,38.3
1512372965,38.3
1512372967,38.3
1512372969,38.1866
1512372971,38.1866
1512372973,38.1866
1512372975,38.1866
1512372977,38.075
1512372978,38.075
1512372980,38.075
1512372982,38.1866
1512372984,38.1866
1512372986,38.3
1512372988,38.3
1512372990,38.3
1512372992,38.1866
1512372994,38.1866
1512372996,38.1866
1512372998,38.075
1512373000,38.075
1512373001,38.075
1512373003,38.1866
1512373005,38.1866
1512373007,38.3
1512373009,38.3
1512373011,38.3
1512373013,38.3
1512373015,38.1866
1512373017,38.1866
1512373019,38.3
1512373021,38.1866
1512373023,38.3
1512373025,38.1866
1512373026,38.1866
1512373028,38.1866
1512373030,38.1866
1512373032,38.1866
1512373034,38.075
1512373036,38.1866
1512373038,38.075
1512373040,38.1866
1512373042,38.075
1512373044,38.075
1512373046,38.075
1512373048,38.1866
1512373049,38.1866
1512373051,38.1866
1512373053,38.3
1512373055,38.1866
1512373057,38.3
1512373059,38.1866
1512373061,38.1866
1512373063,38.1866
1512373065,38.1866
1512373067,38.1866
1512373069,38.1866
1512373071,38.1866
1512373073,38.3
1512373074,38.3
1512373076,38.4116
1512373078,38.4116
1512373080,38.4116
1512373082,38.4116
1512373085,38.4116
1512373087,38.4116
1512373089,38.3
1512373091,38.4116
1512373093,38.3
1512373095,38.3
1512373096,38.3
1512373098,38.3
1512373100,38.1866
1512373102,38.3
1512373104,38.1866
1512373106,38.3
1512373108,38.1866
1512373110,38.1866
1512373112,38.1866
1512373114,38.075
1512373116,38.075
1512373118,37.9616
1512373119,37.9616
1512373121,37.9616
1512373123,38.075
1512373125,37.9616
1512373127,38.075
1512373129,38.075
1512373131,38.1866
1512373133,38.1866
1512373135,38.1866
1512373137,38.1866
1512373139,38.1866
1512373141,38.1866
1512373143,38.1866
1512373144,38.3
1512373146,38.3
1512373148,38.4116
1512373150,38.4116
1512373152,38.4116
1512373154,38.4116
1512373156,38.4116
1512373158,38.4116
1512373160,38.4116
1512373162,38.4116
1512373164,38.4116
1512373166,38.4116
1512373167,38.4116
1512373169,38.3
1512373171,38.3
1512373173,38.3
1512373175,38.3
1512373177,38.3
1512373179,38.3
1512373181,38.3
1512373183,38.1866
1512373185,38.1866
1512373187,38.075
1512373189,38.075
1512373191,37.9616
1512373192,37.9616
1512373194,37.9616
1512373196,37.9616
1512373198,37.9616
1512373200,37.9616
1512373202,38.075
1512373204,38.1866
1512373206,38.1866
1512373208,38.1866
1512373210,38.1866
1512373212,38.1866
1512373214,38.1866
1512373215,38.075
1512373217,37.9616
1512373219,37.9616
1512373221,37.9616
1512373223,37.85
1512373225,37.85
1512373227,37.85
1512373229,37.85
1512373231,37.9616
1512373233,37.9616
1512373235,38.075
1512373237,38.075
1512373239,38.075
1512373240,37.9616
1512373242,37.9616
1512373244,37.9616
1512373246,37.9616
1512373248,37.9616
1512373250,37.9616
1512373252,37.9616
1512373254,37.9616
1512373256,37.9616
1512373258,37.9616
1512373260,38.075
1512373262,38.075
1512373263,38.075
1512373265,38.1866
1512373267,38.075
1512373269,38.1866
1512373271,38.1866
1512373273,38.3
1512373275,38.3
1512373277,38.3
1512373279,38.3
1512373281,38.3
1512373283,38.3
1512373285,38.3
1512373287,38.3
1512373288,38.3
1512373290,38.1866
1512373292,38.1866
1512373294,38.1866
1512373296,38.1866
1512373298,38.1866
1512373300,38.1866
1512373302,38.1866
1512373304,38.1866
1512373306,38.1866
1512373308,38.1866
1512373310,38.1866
1512373311,38.1866
1512373313,38.1866
1512373315,38.075
1512373317,38.075
1512373319,38.075
1512373321,38.075
1512373323,38.075
1512373325,37.9616
1512373327,37.9616
1512373329,38.075
1512373331,37.9616
1512373333,38.075
1512373335,38.075
1512373336,38.075
1512373338,37.9616
1512373340,37.9616
1512373342,38.075
1512373344,38.075
1512373346,37.9616
1512373348,37.9616
1512373351,37.9616
1512373353,37.9616
1512373355,37.9616
1512373357,37.9616
1512373358,37.9616
1512373360,37.9616
1512373362,37.9616
1512373364,37.9616
1512373366,37.9616
1512373368,37.9616
1512373370,37.9616
1512373372,37.9616
1512373374,37.9616
1512373376,37.9616
1512373378,37.9616
1512373380,37.9616
1512373381,37.9616
1512373383,37.9616
1512373385,37.9616
1512373387,37.85
1512373389,37.85
1512373391,37.7366
1512373393,37.7366
1512373395,37.625
1512373397,37.625
1512373399,37.5116
1512373401,37.625
1512373403,37.625
1512373405,37.7366
1512373406,37.85
1512373408,37.85
1512373410,37.85
1512373412,37.9616
1512373414,37.85
1512373416,37.7366
1512373418,37.7366
1512373420,37.625
1512373422,37.5116
1512373424,37.5116
1512373426,37.5116
1512373428,37.4
1512373429,37.2866
1512373431,37.2866
1512373433,37.2866
1512373435,37.2866
1512373437,37.2866
1512373439,37.5116
1512373442,37.625
1512373444,37.7366
1512373446,37.7366
1512373448,37.85
1512373450,37.85
1512373451,37.85
1512373453,37.85
1512373455,37.85
1512373457,37.85
1512373459,37.85
1512373461,37.85
1512373463,37.85
1512373465,37.85
1512373467,37.85
1512373469,37.85
1512373471,37.9616
1512373473,37.85
1512373475,37.9616
1512373476,37.9616
1512373478,37.9616
1512373480,37.9616
1512373482,37.9616
1512373484,37.9616
1512373486,37.9616
1512373488,37.9616
1512373490,37.9616
1512373492,37.9616
1512373494,37.9616
1512373496,37.9616
1512373498,37.9616
1512373499,37.9616
1512373501,37.9616
1512373503,37.9616
1512373505,37.9616
1512373507,37.85
1512373509,37.85
1512373511,37.85
1512373513,37.85
1512373515,37.85
1512373517,37.85
1512373519,37.85
1512373521,37.9616
1512373523,37.85
1512373524,37.85
1512373526,37.85
1512373528,37.85
1512373530,37.7366
1512373532,37.7366
1512373534,37.7366
1512373536,37.7366
1512373538,37.7366
1512373540,37.7366
1512373542,37.7366
1512373544,37.7366
1512373546,37.7366
1512373547,37.7366
1512373549,37.85
1512373551,37.85
1512373553,37.85
1512373555,37.85
1512373557,37.85
1512373559,37.85
1512373561,37.85
1512373563,37.85
1512373565,37.85
1512373567,37.85
1512373569,37.85
1512373571,37.85
1512373572,37.85
1512373574,37.85
1512373576,37.9616
1512373578,37.9616
1512373580,37.9616
1512373582,37.9616
1512373584,37.9616
1512373586,37.9616
1512373588,37.9616
1512373590,37.9616
1512373592,37.9616
1512373594,38.075
1512373595,37.9616
1512373597,37.9616
1512373599,38.075
1512373601,38.075
1512373603,38.075
1512373605,38.075
1512373607,38.075
1512373609,38.075
1512373611,38.075
1512373613,38.1866
1512373615,38.1866
1512373617,38.075
1512373619,38.1866
1512373620,38.075
1512373622,38.075
1512373624,38.075
1512373626,38.1866
1512373628,38.1866
1512373630,38.1866
1512373632,38.1866
1512373634,38.1866
1512373636,38.1866
1512373638,38.1866
1512373640,38.1866
1512373642,38.1866
1512373643,38.1866
1512373645,38.1866
1512373647,38.1866
1512373649,38.1866
1512373651,38.1866
1512373653,38.1866
1512373655,38.1866
1512373657,38.1866
1512373659,38.1866
1512373661,38.1866
1512373663,38.1866
1512373665,38.1866
1512373667,38.1866
1512373668,38.1866
1512373670,38.1866
1512373672,38.1866
1512373674,38.1866
1512373676,38.1866
1512373678,38.1866
1512373680,38.1866
1512373682,38.1866
1512373684,38.1866
1512373686,38.1866
1512373688,38.075
1512373690,38.1866
1512373691,38.1866
1512373693,38.1866
1512373695,38.1866
1512373697,38.1866
1512373699,38.1866
1512373701,38.1866
1512373703,38.1866
1512373705,38.1866
1512373707,38.3
1512373709,38.3
1512373711,38.3
1512373713,38.3
1512373715,38.3
1512373716,38.3
1512373718,38.1866
1512373720,38.3
1512373722,38.3
1512373724,38.3
1512373726,38.3
1512373728,38.3
1512373730,38.3
1512373732,38.1866
1512373734,38.1866
1512373736,38.1866
1512373738,38.1866
1512373739,38.1866
1512373741,38.1866
1512373743,38.1866
1512373745,38.1866
1512373747,38.1866
1512373749,38.1866
1512373751,38.1866
1512373753,38.1866
1512373755,38.1866
1512373757,38.075
1512373759,38.1866
1512373761,38.1866
1512373763,38.1866
1512373764,38.1866
1512373766,38.075
1512373768,38.075
1512373770,38.075
1512373772,38.075
1512373774,38.075
1512373776,38.1866
1512373778,38.1866
1512373780,38.1866
1512373782,38.1866
1512373784,38.1866
1512373786,38.1866
1512373787,38.1866
1512373789,38.1866
1512373791,38.1866
1512373793,38.075
1512373795,38.075
1512373797,38.1866
1512373799,38.1866
1512373801,38.075
1512373803,38.075
1512373805,38.1866
1512373807,38.1866
1512373809,38.1866
1512373811,38.075
1512373812,38.075
1512373814,38.075
1512373816,38.075
1512373818,38.1866
1512373820,38.075
1512373822,38.1866
1512373824,38.075
1512373826,38.075
1512373828,38.075
1512373830,38.075
1512373832,38.075
1512373834,38.075
1512373835,38.075
1512373837,37.9616
1512373839,37.9616
1512373841,37.9616
1512373843,37.9616
1512373845,37.9616
1512373847,37.9616
1512373849,37.9616
1512373851,37.9616
1512373853,37.9616
1512373855,37.9616
1512373857,38.075
1512373859,38.075
1512373860,38.075
1512373862,38.075
1512373864,37.9616
1512373866,38.075
1512373868,37.9616
1512373870,38.075
1512373872,38.075
1512373874,38.075
1512373876,38.075
1512373878,38.075
1512373880,38.075
1512373882,38.075
1512373883,38.075
1512373885,38.075
1512373887,38.075
1512373889,38.075
1512373891,38.075
1512373893,38.075
1512373895,38.075
1512373897,38.075
1512373899,38.075
1512373901,38.075
1512373903,38.075
1512373905,38.075
1512373907,38.075
1512373908,38.075
1512373910,37.9616
1512373912,37.85
1512373914,37.85
1512373916,37.85
1512373918,37.85
1512373920,37.7366
1512373922,37.85
1512373924,37.85
1512373926,37.85
1512373928,37.85
1512373930,37.85
1512373931,37.85
1512373933,37.7366
1512373935,37.7366
1512373937,37.85
1512373939,37.85
1512373941,37.9616
1512373943,37.9616
1512373945,38.075
1512373947,38.075
1512373949,38.075
1512373951,38.075
1512373953,38.075
1512373955,38.1866
1512373956,38.1866
1512373958,38.1866
1512373960,38.1866
1512373962,38.1866
1512373964,38.1866
1512373966,38.1866
1512373968,38.1866
1512373970,38.1866
1512373972,38.1866
1512373974,38.1866
1512373976,38.1866
1512373978,38.1866
1512373979,38.1866
1512373981,38.1866
1512373983,38.1866
1512373985,38.1866
1512373987,38.1866
1512373989,38.1866
1512373991,38.1866
1512373993,38.1866
1512373995,38.075
1512373997,38.075
1512373999,38.1866
1512374001,38.075
1512374003,38.1866
1512374004,38.1866
1512374006,38.1866
1512374008,38.1866
1512374010,38.1866
1512374012,38.1866
1512374014,38.1866
1512374016,38.1866
1512374018,38.1866
1512374020,38.1866
1512374022,38.1866
1512374024,38.1866
1512374026,38.3
1512374027,38.3
1512374029,38.3
1512374031,38.3
1512374033,38.3
1512374035,38.3
1512374037,38.3
1512374039,38.3
1512374041,38.3
1512374043,38.3
1512374045,38.3
1512374047,38.3
1512374049,38.3
1512374051,38.4116
1512374052,38.3
1512374054,38.3
1512374056,38.3
1512374058,38.3
1512374060,38.3
1512374062,38.3
1512374064,38.3
1512374066,38.3
1512374068,38.3
1512374071,38.3
1512374073,38.1866
1512374074,38.1866
1512374076,38.1866
1512374078,38.1866
1512374080,38.1866
1512374082,38.1866
1512374084,38.1866
1512374086,38.1866
1512374088,38.1866
1512374090,38.1866
1512374092,38.1866
1512374094,38.1866
1512374096,38.1866
1512374097,38.075
1512374099,38.1866
1512374101,38.075
1512374103,38.1866
1512374105,38.1866
1512374107,38.1866
1512374109,38.1866
1512374111,38.1866
1512374113,38.1866
1512374115,38.1866
1512374117,38.1866
1512374119,38.1866
1512374121,38.1866
1512374122,38.1866
1512374124,38.1866
1512374126,38.1866
1512374128,38.3
1512374130,38.1866
1512374132,38.1866
1512374134,38.1866
1512374136,38.1866
1512374138,38.1866
1512374140,38.1866
1512374142,38.1866
1512374144,38.1866
1512374145,38.3
1512374147,38.1866
1512374149,38.3
1512374151,38.3
1512374153,38.1866
1512374155,38.3
1512374157,38.3
1512374159,38.3
1512374161,38.3
1512374163,38.3
1512374165,38.3
1512374167,38.3
1512374169,38.3
1512374170,38.3
1512374172,38.3
1512374174,38.3
1512374176,38.1866
1512374178,38.1866
1512374180,38.3
1512374182,38.1866
1512374184,38.1866
1512374186,38.1866
1512374188,38.1866
1512374190,38.1866
1512374192,38.1866
1512374193,38.1866
1512374195,38.1866
1512374197,38.1866
1512374199,38.1866
1512374201,38.1866
1512374203,38.1866
1512374205,38.1866
1512374207,38.1866
1512374209,38.1866
1512374211,38.075
1512374213,38.1866
1512374215,38.075
1512374217,38.075
1512374218,38.1866
1512374220,38.075
1512374222,38.075
1512374224,38.075
1512374226,38.075
1512374228,37.9616
1512374230,38.075
1512374232,38.075
1512374234,38.075
1512374236,38.075
1512374238,38.075
1512374240,38.075
1512374241,38.075
1512374243,37.9616
1512374245,37.9616
1512374247,38.075
1512374249,38.075
1512374251,38.075
1512374253,38.075
1512374256,38.075
1512374258,38.075
1512374260,38.075
1512374262,37.9616
1512374263,38.075
1512374265,37.9616
1512374267,37.9616
1512374269,38.075
1512374271,38.075
1512374273,38.075
1512374275,38.075
1512374277,38.1866
1512374279,38.075
1512374281,38.1866
1512374283,38.1866
1512374285,38.1866
1512374287,38.3
1512374288,38.3
1512374290,38.3
1512374292,38.3
1512374294,38.3
1512374296,38.3
1512374298,38.3
1512374300,38.3
1512374302,38.4116
1512374304,38.4116
1512374306,38.4116
1512374308,38.4116
1512374310,38.4116
1512374311,38.4116
1512374313,38.4116
1512374315,38.3
1512374317,38.3
1512374319,38.3
1512374321,38.3
1512374323,38.3
1512374325,38.3
1512374327,38.1866
1512374329,38.3
1512374331,38.1866
1512374333,38.1866
1512374335,38.1866
1512374336,38.1866
1512374338,38.1866
1512374340,38.075
1512374342,38.075
1512374344,38.075
1512374346,38.075
1512374348,38.075
1512374350,38.075
1512374352,38.075
1512374354,38.075
1512374356,38.075
1512374358,38.075
1512374359,38.075
1512374361,38.075
1512374363,38.075
1512374365,38.075
1512374367,38.075
1512374369,38.075
1512374371,38.075
1512374373,38.1866
1512374375,38.1866
1512374377,38.1866
1512374379,38.1866
1512374381,38.1866
1512374383,38.1866
1512374384,38.1866
1512374386,38.075
1512374388,38.1866
1512374390,38.1866
1512374392,38.1866
1512374394,38.1866
1512374396,38.1866
1512374398,38.1866
1512374401,38.1866
1512374403,38.075
1512374405,38.1866
1512374406,38.1866
1512374408,38.1866
1512374410,38.1866
1512374412,38.1866
1512374414,38.3
1512374416,38.3
1512374418,38.3
1512374420,38.3
1512374422,38.3
1512374424,38.3
1512374426,38.3
1512374428,38.3
1512374429,38.3
1512374431,38.3
1512374433,38.3
1512374435,38.1866
1512374437,38.3
1512374439,38.3
1512374441,38.1866
1512374443,38.1866
1512374445,38.1866
1512374447,38.1866
1512374449,38.1866
1512374451,38.075
1512374453,38.075
1512374454,38.075
1512374456,38.075
1512374458,38.075
1512374460,38.1866
1512374462,38.1866
1512374464,38.1866
1512374466,38.075
1512374468,38.075
1512374470,38.1866
1512374472,38.3
1512374475,38.3
1512374476,38.4116
1512374478,38.3
1512374480,38.3
1512374482,38.3
1512374484,38.3
1512374486,38.3
1512374488,38.3
1512374490,38.3
1512374492,38.3
1512374494,38.4116
1512374496,38.4116
1512374498,38.4116
1512374499,38.4116
1512374501,38.4116
1512374503,38.4116
1512374505,38.4116
1512374507,38.4116
1512374509,38.4116
1512374512,38.4116
1512374514,38.4116
1512374516,38.3
1512374518,38.4116
1512374520,38.4116
1512374522,38.4116
1512374524,38.4116
1512374526,38.3
1512374528,38.3
1512374530,38.3
1512374532,38.3
1512374534,38.3
1512374536,38.3
1512374538,38.4116
1512374540,38.4116
1512374542,38.4116
1512374544,38.4116
1512374545,38.4116
1512374547,38.525
1512374549,38.525
1512374551,38.525
1512374553,38.4116
1512374555,38.4116
1512374557,38.4116
1512374559,38.4116
1512374561,38.4116
1512374563,38.4116
1512374565,38.4116
1512374567,38.4116
1512374569,38.4116
1512374570,38.4116
1512374573,38.4116
1512374575,38.4116
1512374577,38.3
1512374579,38.4116
1512374581,38.3
1512374583,38.3
1512374585,38.3
1512374587,38.4116
1512374589,38.3
1512374591,38.4116
1512374592,38.4116
1512374594,38.4116
1512374596,38.4116
1512374598,38.4116
1512374600,38.4116
1512374602,38.4116
1512374604,38.4116
1512374606,38.4116
1512374608,38.3
1512374610,38.4116
1512374612,38.4116
1512374614,38.3
1512374615,38.4116
1512374617,38.4116
1512374619,38.4116
1512374621,38.4116
1512374623,38.4116
1512374625,38.4116
1512374627,38.4116
1512374629,38.4116
1512374631,38.4116
1512374633,38.4116
1512374635,38.4116
1512374637,38.4116
1512374639,38.4116
1512374640,38.4116
1512374642,38.4116
1512374644,38.3
1512374646,38.3
1512374648,38.4116
1512374650,38.3
1512374652,38.3
1512374654,38.3
1512374656,38.4116
1512374658,38.4116
1512374660,38.3
1512374662,38.3
1512374663,38.3
1512374665,38.3
1512374667,38.3
1512374669,38.3
1512374671,38.3
1512374673,38.3
1512374675,38.3
1512374677,38.3
1512374679,38.3
1512374681,38.3
1512374683,38.1866
1512374685,38.1866
1512374687,38.1866
1512374688,38.1866
1512374690,38.1866
1512374692,38.1866
1512374694,38.1866
1512374696,38.1866
1512374698,38.1866
1512374700,38.1866
1512374702,38.3
1512374704,38.1866
1512374706,38.1866
1512374708,38.1866
1512374710,38.1866
1512374711,38.1866
1512374713,38.1866
1512374715,38.1866
1512374717,38.1866
1512374719,38.1866
1512374721,38.1866
1512374723,38.1866
1512374725,38.1866
1512374727,38.1866
1512374729,38.1866
1512374731,38.1866
1512374733,38.1866
1512374735,38.1866
1512374737,38.1866
1512374739,38.1866
1512374741,38.1866
1512374743,38.1866
1512374745,38.1866
1512374747,38.1866
1512374749,38.1866
1512374751,38.1866
1512374753,38.3
1512374755,38.1866
1512374757,38.3
1512374758,38.3
1512374760,38.1866
1512374762,38.1866
1512374764,38.1866
1512374766,38.3
1512374768,38.1866
1512374770,38.1866
1512374772,38.1866
1512374774,38.1866
1512374776,38.1866
1512374778,38.1866
1512374780,38.1866
1512374781,38.1866
1512374783,38.1866
1512374785,38.1866
1512374787,38.1866
1512374789,38.1866
1512374791,38.1866
1512374793,38.1866
1512374795,38.1866
1512374797,38.1866
1512374799,38.1866
1512374801,38.1866
1512374803,38.1866
1512374805,38.1866
1512374806,38.1866
1512374808,38.1866
1512374810,38.1866
1512374812,38.1866
1512374814,38.1866
1512374816,38.075
1512374818,38.1866
1512374820,38.1866
1512374822,38.1866
1512374824,38.3
1512374826,38.1866
1512374828,38.1866
1512374829,38.1866
1512374831,38.1866
1512374833,38.1866
1512374835,38.1866
1512374837,38.1866
1512374839,38.1866
1512374841,38.1866
1512374843,38.1866
1512374845,38.1866
1512374847,38.1866
1512374849,38.1866
1512374851,38.1866
1512374853,38.1866
1512374854,38.1866
1512374856,38.1866
1512374858,38.075
1512374860,38.1866
1512374862,38.1866
1512374864,38.1866
1512374866,38.075
1512374868,38.075
1512374870,38.075
1512374872,38.075
1512374874,38.1866
1512374876,38.1866
1512374877,38.075
1512374879,38.1866
1512374881,38.075
1512374883,38.1866
1512374885,38.1866
1512374887,38.1866
1512374889,38.075
1512374891,38.1866
1512374893,38.1866
1512374895,38.075
1512374897,38.075
1512374899,38.075
1512374901,38.075
1512374902,38.075
1512374904,38.075
1512374906,38.075
1512374908,38.075
1512374910,38.075
1512374912,38.075
1512374914,38.075
1512374916,38.075
1512374918,38.075
1512374920,37.9616
1512374922,38.075
1512374924,37.9616
1512374925,38.075
1512374927,38.075
1512374929,38.075
1512374931,38.075
1512374933,38.075
1512374935,38.075
1512374937,38.1866
1512374939,38.1866
1512374941,38.075
1512374943,38.075
1512374945,38.075
1512374947,38.075
1512374949,38.075
1512374950,38.1866
1512374952,38.075
1512374954,38.075
1512374956,38.1866
1512374959,38.1866
1512374961,38.1866
1512374963,38.075
1512374965,38.075
1512374967,38.075
1512374969,38.075
1512374971,38.075
1512374972,38.075
1512374974,38.075
1512374976,38.075
1512374978,38.075
1512374980,38.075
1512374982,38.075
1512374984,38.075
1512374986,38.075
1512374988,38.075
1512374990,38.075
1512374992,38.075
1512374994,37.9616
1512374995,38.075
1512374997,38.075
1512374999,38.075
1512375002,37.9616
1512375004,37.9616
1512375006,37.9616
1512375008,37.9616
1512375010,38.075
1512375012,38.075
1512375014,38.075
1512375016,37.9616
1512375017,37.9616
1512375019,38.075
1512375021,38.075
1512375023,38.075
1512375025,37.9616
1512375027,37.9616
1512375029,37.9616
1512375031,37.9616
1512375033,37.9616
1512375035,37.9616
1512375037,37.9616
1512375039,37.9616
1512375041,37.9616
1512375042,37.85
1512375044,37.9616
1512375046,37.9616
1512375048,37.9616
1512375050,37.9616
1512375052,37.85
1512375054,37.85
1512375056,37.85
1512375058,37.9616
1512375060,37.9616
1512375062,37.9616
1512375064,37.9616
1512375065,37.9616
1512375067,37.9616
1512375069,37.9616
1512375071,37.9616
1512375073,37.9616
1512375075,37.9616
1512375077,37.9616
1512375079,37.9616
1512375081,37.9616
1512375083,37.9616
1512375085,37.9616
1512375087,37.9616
1512375089,37.9616
1512375090,37.9616
1512375092,37.9616
1512375094,37.9616
1512375096,37.9616
1512375098,37.9616
1512375100,38.075
1512375102,38.075
1512375104,38.075
1512375106,38.075
1512375108,38.075
1512375110,38.075
1512375112,38.075
1512375113,38.075
1512375115,38.075
1512375117,38.075
1512375119,38.075
1512375121,38.1866
1512375123,38.1866
1512375125,38.1866
1512375127,38.1866
1512375129,38.1866
1512375131,38.075
1512375133,38.1866
1512375135,38.075
1512375137,38.075
1512375139,38.075
1512375141,38.075
1512375143,38.075
1512375145,38.075
1512375147,38.075
1512375149,38.075
1512375151,38.075
1512375153,38.075
1512375155,38.075
1512375157,38.075
1512375159,38.075
1512375160,38.075
1512375162,38.075
1512375164,38.075
1512375166,38.075
1512375168,38.075
1512375170,38.075
1512375172,38.075
1512375174,38.075
1512375176,37.9616
1512375178,37.9616
1512375180,37.9616
1512375182,37.9616
1512375183,37.9616
1512375185,37.9616
1512375187,37.9616
1512375189,37.9616
1512375191,37.9616
1512375193,37.9616
1512375195,37.9616
1512375197,37.9616
1512375200,37.9616
1512375202,37.9616
1512375204,37.9616
1512375205,37.9616
1512375207,37.9616
1512375209,37.9616
1512375211,37.9616
1512375213,37.9616
1512375215,37.9616
1512375217,37.9616
1512375219,37.9616
1512375221,37.9616
1512375223,37.9616
1512375225,37.9616
1512375227,37.85
1512375229,37.85
1512375230,37.9616
1512375232,37.9616
1512375234,37.9616
1512375236,37.9616
1512375238,37.9616
1512375240,38.075
1512375242,38.075
1512375244,37.9616
1512375246,38.075
1512375248,38.075
1512375250,37.9616
1512375252,37.9616
1512375253,38.075
1512375255,38.075
1512375257,38.075
1512375259,38.075
1512375261,38.075
1512375263,38.075
1512375265,38.075
1512375267,38.075
1512375269,38.075
1512375271,38.075
1512375273,38.075
1512375275,38.075
1512375277,38.075
1512375278,37.9616
1512375280,37.9616
1512375283,37.9616
1512375285,37.9616
1512375287,37.9616
1512375289,38.075
1512375291,38.075
1512375293,38.075
1512375295,38.075
1512375297,38.075
1512375299,38.075
1512375300,38.075
1512375302,38.075
1512375304,38.1866
1512375306,38.075
1512375308,38.075
1512375310,38.075
1512375312,38.075
1512375314,38.075
1512375316,38.1866
1512375318,38.1866
1512375320,38.1866
1512375322,38.1866
1512375323,38.1866
1512375325,38.1866
1512375327,38.075
1512375329,38.075
1512375331,38.075
1512375333,38.075
1512375335,38.075
1512375337,38.075
1512375339,38.075
1512375341,38.075
1512375343,38.1866
1512375345,38.1866
1512375347,38.1866
1512375348,38.075
1512375350,38.1866
1512375353,38.1866
1512375355,38.075
1512375357,38.1866
1512375359,38.1866
1512375361,38.1866
1512375363,38.1866
1512375365,38.1866
1512375367,38.1866
1512375369,38.1866
1512375370,38.1866
1512375372,38.1866
1512375374,38.075
1512375376,38.1866
1512375378,38.075
1512375380,38.075
1512375382,38.075
1512375384,38.075
1512375386,38.075
1512375388,38.075
1512375390,38.075
1512375392,38.1866
1512375393,38.075
1512375395,38.075
1512375397,38.075
1512375399,38.075
1512375401,38.1866
1512375403,38.1866
1512375405,38.1866
1512375407,38.075
1512375409,38.1866
1512375411,38.075
1512375413,38.1866
1512375415,38.075
1512375417,38.1866
1512375418,38.075
1512375420,38.075
1512375422,38.075
1512375424,38.075
1512375426,38.1866
1512375428,38.1866
1512375430,38.1866
1512375432,38.1866
1512375434,38.1866
1512375436,38.1866
1512375438,38.1866
1512375440,38.1866
1512375441,38.1866
1512375443,38.3
1512375445,38.3
1512375447,38.1866
1512375449,38.3
1512375451,38.3
1512375453,38.3
1512375455,38.3
1512375457,38.3
1512375459,38.1866
1512375461,38.1866
1512375463,38.1866
1512375465,38.1866
1512375466,38.1866
1512375468,38.1866
1512375470,38.075
1512375472,38.1866
1512375474,38.075
1512375476,38.1866
1512375478,38.1866
1512375480,38.1866
1512375482,38.075
1512375484,38.075
1512375486,38.075
1512375488,38.1866
1512375489,38.075
1512375491,38.075
1512375493,38.075
1512375495,38.075
1512375497,38.075
1512375499,38.075
1512375501,38.075
1512375503,38.075
1512375505,38.075
1512375507,38.075
1512375509,38.075
1512375511,38.075
1512375513,38.075
1512375514,38.075
1512375516,38.075
1512375518,38.075
1512375520,38.075
1512375522,38.075
1512375524,38.075
1512375526,38.075
1512375528,37.9616
1512375530,37.9616
1512375532,37.9616
1512375534,37.9616
1512375536,37.9616
1512375538,37.9616
1512375540,37.9616
1512375542,37.9616
1512375544,37.9616
1512375546,37.9616
1512375548,37.9616
1512375550,37.9616
1512375552,37.9616
1512375554,37.9616
1512375556,37.9616
1512375558,37.9616
1512375559,37.9616
1512375561,37.9616
1512375563,37.9616
1512375565,37.9616
1512375567,37.9616
1512375569,37.9616
1512375571,37.9616
1512375573,37.9616
1512375575,37.9616
1512375577,37.9616
1512375579,37.9616
1512375581,37.9616
1512375583,37.9616
1512375584,37.9616
1512375586,37.9616
1512375588,37.9616
1512375590,37.9616
1512375592,37.9616
1512375594,37.9616
1512375596,37.9616
1512375598,37.9616
1512375600,37.9616
1512375602,37.9616
1512375604,37.9616
1512375606,37.9616
1512375607,37.9616
1512375609,37.9616
1512375611,38.075
1512375613,38.075
1512375615,38.075
1512375617,38.075
1512375619,38.075
1512375621,38.075
1512375623,38.075
1512375625,38.075
1512375627,38.075
1512375629,38.075
1512375631,38.075
1512375632,38.075
1512375634,38.075
1512375636,38.075
1512375638,38.075
1512375640,38.075
1512375642,38.075
1512375644,38.075
1512375646,38.075
1512375648,38.075
1512375650,38.075
1512375652,38.075
1512375654,38.075
1512375655,38.075
1512375657,38.075
1512375659,38.1866
1512375661,38.075
1512375663,38.075
1512375665,38.075
1512375667,38.1866
1512375669,38.1866
1512375671,38.1866
1512375673,38.1866
1512375675,38.1866
1512375677,38.075
1512375679,38.075
1512375680,38.1866
1512375682,38.1866
1512375684,38.1866
1512375686,38.1866
1512375688,38.075
1512375690,38.075
1512375692,38.075
1512375694,38.075
1512375696,38.075
1512375698,38.075
1512375700,38.075
1512375702,38.075
1512375703,38.075
1512375705,38.075
1512375707,38.075
1512375709,38.075
1512375711,38.075
1512375713,38.075
1512375715,38.075
1512375717,38.075
1512375719,38.075
1512375721,38.075
1512375723,38.075
1512375725,38.075
1512375727,38.075
1512375728,38.075
1512375730,38.075
1512375732,38.075
1512375734,38.075
1512375736,38.075
1512375738,38.075
1512375740,38.075
1512375742,38.075
1512375744,38.075
1512375746,38.075
1512375748,38.075
1512375750,38.1866
1512375751,38.1866
1512375753,38.075
1512375755,38.075
1512375757,38.075
1512375759,38.075
1512375761,38.075
1512375763,38.075
1512375765,38.075
1512375767,38.075
1512375769,38.075
1512375771,38.075
1512375773,38.075
1512375775,38.075
1512375776,38.075
1512375778,38.075
1512375780,38.075
1512375782,38.075
1512375784,38.075
1512375786,38.075
1512375788,38.075
1512375790,38.075
1512375792,38.075
1512375794,38.075
1512375796,38.1866
1512375798,38.075
1512375799,38.075
1512375801,38.075
1512375803,38.075
1512375805,38.075
1512375807,38.075
1512375809,38.075
1512375811,38.075
1512375813,38.075
1512375815,38.075
1512375817,38.075
1512375819,38.075
1512375821,37.9616
1512375823,37.9616
1512375824,37.9616
1512375826,37.9616
1512375828,37.9616
1512375830,37.9616
1512375832,37.9616
1512375834,38.075
1512375836,38.075
1512375838,38.075
1512375840,38.075
1512375842,38.075
1512375844,38.075
1512375846,38.075
1512375847,38.075
1512375849,38.075
1512375851,38.075
1512375853,38.075
1512375855,38.075
1512375857,38.075
1512375859,38.075
1512375861,38.1866
1512375863,38.1866
1512375865,38.1866
1512375867,38.075
1512375869,38.075
1512375871,38.075
1512375872,38.075
1512375874,38.075
1512375876,38.075
1512375878,38.075
1512375880,38.075
1512375882,38.075
1512375884,38.075
1512375886,38.075
1512375888,38.075
1512375890,38.075
1512375892,38.1866
1512375894,38.1866
1512375895,38.075
1512375897,38.075
1512375899,38.075
1512375901,38.075
1512375903,38.075
1512375905,38.075
1512375907,38.075
1512375909,38.075
1512375911,38.075
1512375913,38.075
1512375915,38.075
1512375917,38.075
1512375919,38.075
1512375920,38.075
1512375922,38.075
1512375924,38.075
1512375926,38.075
1512375928,38.075
1512375930,38.075
1512375932,38.075
1512375934,38.1866
1512375936,38.1866
1512375938,38.075
1512375940,38.1866
1512375942,38.1866
1512375943,38.075
1512375945,38.075
1512375947,38.1866
1512375949,38.1866
1512375951,38.1866
1512375953,38.1866
1512375955,38.1866
1512375957,38.1866
1512375959,38.1866
1512375961,38.1866
1512375963,38.1866
1512375965,38.1866
1512375967,38.1866
1512375968,38.1866
1512375970,38.1866
1512375972,38.1866
1512375974,38.1866
1512375976,38.1866
1512375978,38.1866
1512375980,38.1866
1512375982,38.1866
1512375984,38.1866
1512375986,38.1866
1512375988,38.1866
1512375990,38.1866
1512375991,38.1866
1512375993,38.1866
1512375995,38.1866
1512375997,38.1866
1512375999,38.1866
1512376001,38.1866
1512376003,38.1866
1512376005,38.1866
1512376007,38.1866
1512376009,38.075
1512376011,38.075
1512376013,38.1866
1512376015,38.075
1512376016,38.075
1512376018,38.075
1512376020,38.1866
1512376022,38.075
1512376024,38.075
1512376026,38.075
1512376028,38.075
1512376030,38.075
1512376032,38.075
1512376034,38.075
1512376036,38.075
1512376038,38.075
1512376039,38.075
1512376041,38.075
1512376043,38.075
1512376045,38.075
1512376047,38.075
1512376049,38.075
1512376051,38.075
1512376053,38.075
1512376055,38.075
1512376057,38.075
1512376059,38.075
1512376061,38.075
1512376063,38.075
1512376065,38.075
1512376067,38.075
1512376069,38.075
1512376071,38.075
1512376073,38.075
1512376075,38.075
1512376077,38.075
1512376079,38.075
1512376081,38.075
1512376083,38.075
1512376085,38.075
1512376086,38.1866
1512376088,38.075
1512376090,38.075
1512376092,38.075
1512376094,38.075
1512376096,38.075
1512376098,38.075
1512376100,38.075
1512376102,38.1866
1512376104,38.075
1512376106,38.075
1512376108,38.1866
1512376109,38.1866
1512376111,38.1866
1512376113,38.075
1512376115,38.075
1512376117,38.075
1512376119,38.075
1512376121,38.075
1512376123,38.075
1512376125,38.1866
1512376127,38.1866
1512376129,38.075
1512376131,38.075
1512376133,38.075
1512376135,38.075
1512376137,38.075
1512376139,38.075
1512376141,38.075
1512376143,38.075
1512376145,38.075
1512376147,37.9616
1512376149,37.9616
1512376151,37.9616
1512376153,38.075
1512376155,38.075
1512376156,37.9616
1512376158,37.9616
1512376160,38.075
1512376162,38.075
1512376164,38.075
1512376166,37.9616
1512376168,38.075
1512376170,37.9616
1512376172,37.9616
1512376174,37.9616
1512376176,37.9616
1512376178,37.9616
1512376179,37.9616
1512376181,37.9616
1512376183,37.9616
1512376185,37.9616
1512376187,37.9616
1512376189,37.9616
1512376191,37.9616
1512376193,37.9616
1512376195,37.9616
1512376197,37.9616
1512376199,37.9616
1512376201,37.9616
1512376203,37.9616
1512376204,37.9616
1512376206,38.075
1512376208,38.075
1512376210,38.075
1512376212,37.9616
1512376214,38.075
1512376216,37.9616
1512376218,38.075
1512376220,37.9616
1512376222,37.9616
1512376224,37.9616
1512376226,37.9616
1512376227,37.9616
1512376229,38.075
1512376231,38.075
1512376233,38.075
1512376235,38.075
1512376237,38.075
1512376239,38.075
1512376241,37.9616
1512376243,38.075
1512376245,38.075
1512376247,37.9616
1512376249,38.075
1512376251,38.075
1512376252,37.9616
1512376254,37.9616
1512376256,37.9616
1512376258,38.075
1512376260,37.9616
1512376262,38.075
1512376264,38.075
1512376266,38.075
1512376268,37.9616
1512376270,38.075
1512376272,38.075
1512376274,37.9616
1512376275,38.075
1512376278,37.9616
1512376280,38.075
1512376282,37.9616
1512376284,37.9616
1512376286,37.9616
1512376288,38.075
1512376290,38.075
1512376292,38.075
1512376294,38.075
1512376296,38.075
1512376297,38.075
1512376299,38.075
1512376301,38.075
1512376303,38.075
1512376305,38.075
1512376307,38.075
1512376309,38.075
1512376311,38.075
1512376313,38.075
1512376315,38.075
1512376317,38.075
1512376319,37.9616
1512376321,38.075
1512376322,37.9616
1512376324,38.075
1512376326,37.9616
1512376328,37.9616
1512376330,37.9616
1512376332,38.075
1512376334,38.075
1512376336,38.075
1512376338,38.075
1512376340,38.075
1512376342,38.075
1512376344,38.075
1512376345,38.075
1512376347,37.9616
1512376349,37.9616
1512376351,37.9616
1512376353,38.075
1512376355,38.075
1512376357,37.9616
1512376359,37.9616
1512376361,37.9616
1512376363,37.9616
1512376365,37.9616
1512376367,37.9616
1512376369,38.075
1512376370,37.9616
1512376372,38.075
1512376374,38.075
1512376376,38.075
1512376378,37.9616
1512376380,38.075
1512376382,37.9616
1512376384,37.9616
1512376386,37.9616
1512376388,38.075
1512376390,38.075
1512376392,38.075
1512376393,38.075
1512376395,38.075
1512376397,38.075
1512376399,38.075
1512376401,38.075
1512376403,38.075
1512376405,37.9616
1512376407,38.075
1512376409,38.075
1512376411,38.075
1512376413,38.075
1512376415,38.075
1512376417,38.1866
1512376418,38.1866
1512376420,38.1866
1512376422,38.075
1512376424,38.075
1512376426,38.075
1512376428,38.075
1512376430,38.075
1512376432,38.075
1512376434,38.075
1512376436,38.075
1512376438,38.075
1512376440,38.075
1512376441,38.075
1512376443,38.075
1512376445,38.075
1512376447,38.075
1512376449,38.075
1512376451,38.1866
1512376453,38.1866
1512376455,38.1866
1512376457,38.1866
1512376459,38.1866
1512376461,38.1866
1512376463,38.1866
1512376465,38.1866
1512376467,38.1866
1512376469,38.1866
1512376471,38.075
1512376473,38.1866
1512376475,38.1866
1512376477,38.1866
1512376479,38.1866
1512376481,38.1866
1512376483,38.075
1512376485,38.1866
1512376487,38.1866
1512376488,39.425
1512376490,47.4116
1512376494,50.225
1512376496,52.7
1512376498,53.9366
1512376499,54.1616
1512376501,53.6
1512376503,53.7116
1512376505,56.525
1512376507,59.3366
1512376509,61.25
1512376511,63.5
1512376514,63.725
1512376516,63.05
1512376518,62.4866
1512376520,62.0366
1512376521,62.0366
1512376523,61.025
1512376525,60.4616
1512376527,59.9
1512376529,59.1116
1512376531,58.325
1512376533,57.5366
1512376535,56.8616
1512376537,56.1866
1512376539,55.5116
1512376541,54.8366
1512376543,54.3866
1512376545,53.7116
1512376546,53.0366
1512376548,52.475
1512376550,51.9116
1512376552,51.4616
1512376554,50.7866
1512376556,50.225
1512376558,49.8866
1512376560,49.4366
1512376562,48.875
1512376564,48.425
1512376566,47.975
1512376568,47.6366
1512376569,47.3
1512376571,46.9616
1512376573,46.625
1512376575,46.2866
1512376577,45.95
1512376579,45.725
1512376581,45.6116
1512376583,45.275
1512376585,45.05
1512376587,44.825
1512376589,44.6
1512376591,44.2616
1512376593,44.0366
1512376594,43.8116
1512376596,43.5866
1512376598,43.25
1512376600,43.025
1512376602,42.8
1512376604,42.575
1512376606,42.4616
1512376608,42.2366
1512376610,42.125
1512376612,42.0116
1512376614,41.7866
1512376616,41.675
1512376617,41.5616
1512376619,41.45
1512376621,41.225
1512376623,41.1116
1512376625,41.0
1512376627,40.775
1512376629,40.55
1512376631,40.4366
1512376633,40.2116
1512376635,40.1
1512376637,39.9866
1512376639,39.875
1512376641,39.7616
1512376642,39.65
1512376644,39.5366
1512376646,39.3116
1512376648,39.2
1512376650,39.2
1512376652,39.0866
1512376654,38.975
1512376656,38.8616
1512376658,38.75
1512376660,38.75
1512376662,38.6366
1512376664,38.525
1512376665,38.525
1512376667,38.4116
1512376669,38.3
1512376671,38.3
1512376673,38.1866
1512376675,38.1866
1512376677,38.1866
1512376679,38.075
1512376681,38.075
1512376683,37.9616
1512376685,37.9616
1512376687,37.85
1512376689,37.85
1512376690,37.85
1512376692,37.85
1512376694,37.7366
1512376696,37.625
1512376698,37.625
1512376700,37.5116
1512376702,37.4
1512376704,37.4
1512376706,37.4
1512376708,37.2866
1512376710,37.2866
1512376712,37.2866
1512376713,37.175
1512376716,37.175
1512376718,37.175
1512376720,37.0616
1512376722,37.0616
1512376724,37.0616
1512376726,36.95
1512376728,36.95
1512376730,36.95
1512376732,36.95
1512376734,36.8366
1512376735,36.8366
1512376737,36.8366
1512376739,36.8366
1512376741,36.8366
1512376743,36.8366
1512376745,36.725
1512376747,36.725
1512376749,36.725
1512376751,36.725
1512376753,36.725
1512376755,36.725
1512376757,36.725
1512376759,36.6116
1512376760,36.6116
1512376762,36.6116
1512376764,36.6116
1512376767,36.5
1512376769,36.5
1512376771,36.5
1512376773,36.5
1512376775,36.5
1512376777,36.3866
1512376779,36.3866
1512376781,36.3866
1512376782,36.3866
1512376784,36.3866
1512376786,36.275
1512376788,36.275
1512376790,36.275
1512376792,36.275
1512376794,36.1616
1512376796,36.1616
1512376798,36.1616
1512376800,36.1616
1512376802,36.1616
1512376804,36.1616
1512376805,36.1616
1512376807,36.1616
1512376809,36.1616
1512376811,36.1616
1512376813,36.05
1512376815,36.05
1512376817,36.05
1512376820,36.05
1512376822,36.05
1512376824,36.05
1512376826,35.9366
1512376827,35.9366
1512376829,35.9366
1512376831,35.825
1512376833,35.825
1512376835,35.825
1512376837,35.825
1512376839,35.825
1512376841,35.825
1512376843,35.825
1512376845,35.825
1512376847,35.825
1512376849,35.7116
1512376851,35.7116
1512376852,35.7116
1512376854,35.7116
1512376856,35.7116
1512376858,35.7116
1512376860,35.7116
1512376862,35.6
1512376864,35.6
1512376866,35.6
1512376868,35.6
1512376870,35.6
1512376872,35.6
1512376874,35.6
1512376875,35.6
1512376877,35.6
1512376879,35.6
1512376881,35.6
1512376883,35.6
1512376885,35.4866
1512376887,35.4866
1512376889,35.6
1512376891,35.6
1512376893,35.6
1512376895,35.6
1512376897,35.6
1512376899,35.4866
1512376900,35.4866
1512376902,35.4866
1512376904,35.4866
1512376906,35.4866
1512376908,35.4866
1512376910,35.4866
1512376912,35.4866
1512376914,35.4866
1512376916,35.4866
1512376918,35.4866
1512376920,35.4866
1512376922,35.4866
1512376923,35.4866
1512376925,35.375
1512376927,35.375
1512376929,35.4866
1512376931,35.375
1512376933,35.375
1512376935,35.375
1512376937,35.375
1512376939,35.375
1512376941,35.375
1512376943,35.375
1512376945,35.4866
1512376947,35.375
1512376948,35.375
1512376950,35.375
1512376952,35.375
1512376954,35.375
1512376956,35.375
1512376958,35.375
1512376960,35.375
1512376962,35.375
1512376964,35.2616
1512376966,35.375
1512376968,35.2616
1512376970,35.2616
1512376971,35.2616
1512376973,35.2616
1512376975,35.375
1512376977,35.375
1512376979,35.375
1512376981,35.375
1512376983,35.375
1512376985,35.2616
1512376987,35.2616
1512376989,35.2616
1512376991,35.2616
1512376993,35.2616
1512376995,35.2616
1512376996,35.15
1512376998,35.15
1512377000,35.15
1512377002,35.15
1512377004,35.15
1512377006,35.15
1512377008,35.15
1512377010,35.15
1512377012,35.15
1512377014,35.15
1512377016,35.15
1512377018,35.15
1512377019,35.0366
1512377021,35.0366
1512377023,35.0366
1512377025,35.15
1512377027,35.0366
1512377029,35.0366
1512377031,35.0366
1512377033,35.0366
1512377035,35.0366
1512377037,35.0366
1512377039,35.0366
1512377041,35.0366
1512377043,35.0366
1512377044,35.0366
1512377046,35.0366
1512377048,34.925
1512377050,35.0366
1512377052,34.925
1512377054,34.925
1512377056,34.925
1512377058,34.925
1512377060,34.925
1512377062,34.925
1512377064,34.925
1512377066,34.8116
1512377067,34.8116
1512377069,34.8116
1512377071,34.8116
1512377073,34.8116
1512377075,34.8116
1512377077,34.925
1512377079,34.8116
1512377081,34.8116
1512377083,34.8116
1512377085,34.8116
1512377087,34.8116
1512377089,34.8116
1512377091,34.8116
1512377092,34.8116
1512377094,34.8116
1512377096,34.8116
1512377098,34.7
1512377100,34.8116
1512377102,34.7
1512377104,34.7
1512377106,34.7
1512377108,34.7
1512377110,34.7
1512377112,34.7
1512377114,34.7
1512377115,34.8116
1512377117,34.7
1512377119,34.7
1512377121,34.7
1512377123,34.7
1512377125,34.7
1512377127,34.7
1512377129,34.7
1512377131,34.7
1512377133,34.7
1512377135,34.7
1512377137,34.7
1512377139,34.7
1512377140,34.7
1512377142,34.5866
1512377144,34.5866
1512377146,34.5866
1512377148,34.5866
1512377150,34.5866
1512377152,34.5866
1512377154,34.5866
1512377156,34.5866
1512377158,34.5866
1512377160,34.5866
1512377162,34.5866
1512377163,34.5866
1512377165,34.5866
1512377167,34.5866
1512377169,34.5866
1512377171,34.5866
1512377173,34.475
1512377175,34.475
1512377177,34.475
1512377179,34.475
1512377181,34.475
1512377183,34.475
1512377185,34.3616
1512377187,34.475
1512377188,34.3616
1512377190,34.3616
1512377192,34.3616
1512377194,34.3616
1512377196,34.3616
1512377198,34.3616
1512377200,34.475
1512377202,34.475
1512377204,34.3616
1512377206,34.3616
1512377208,34.475
1512377210,34.475
1512377211,34.475
1512377213,34.475
1512377215,34.475
1512377217,34.3616
1512377219,34.3616
1512377221,34.3616
1512377223,34.475
1512377225,34.475
1512377227,34.3616
1512377229,34.475
1512377231,34.3616
1512377233,34.3616
1512377235,34.3616
1512377236,34.3616
1512377238,34.475
1512377240,34.3616
1512377242,34.475
1512377244,34.3616
1512377246,34.475
1512377248,34.3616
1512377250,34.3616
1512377252,34.3616
1512377254,34.3616
1512377256,34.3616
1512377258,34.3616
1512377259,34.3616
1512377261,34.3616
1512377263,34.3616
1512377265,34.3616
1512377267,34.3616
1512377269,34.3616
1512377271,34.25
1512377273,34.3616
1512377275,34.25
1512377277,34.25
1512377279,34.25
1512377281,34.25
1512377283,34.25
1512377284,34.25
1512377286,34.25
1512377288,34.25
1512377290,34.25
1512377292,34.25
1512377294,34.25
1512377296,34.25
1512377298,34.25
1512377300,34.25
1512377302,34.25
1512377304,34.1366
1512377306,34.25
1512377307,34.25
1512377309,34.25
1512377311,34.25
1512377313,34.25
1512377315,34.25
1512377317,34.1366
1512377319,34.1366
1512377321,34.1366
1512377323,34.1366
1512377325,34.1366
1512377327,34.1366
1512377329,34.1366
1512377331,34.025
1512377332,34.1366
1512377334,34.1366
1512377336,34.1366
1512377338,34.1366
1512377340,34.1366
1512377342,34.1366
1512377344,34.1366
1512377346,34.1366
1512377348,34.1366
1512377350,34.1366
1512377352,34.1366
1512377354,34.1366
1512377355,34.1366
1512377357,34.1366
1512377359,34.1366
1512377362,34.1366
1512377364,34.1366
1512377366,34.1366
1512377368,34.1366
1512377370,34.1366
1512377372,34.1366
1512377374,34.1366
1512377376,34.1366
1512377377,34.025
1512377379,34.1366
1512377381,34.1366
1512377383,34.025
1512377385,34.025
1512377387,34.025
1512377389,34.025
1512377391,34.025
1512377393,34.025
1512377395,34.025
1512377397,34.025
1512377399,34.025
1512377401,34.025
1512377402,34.025
1512377404,34.025
1512377406,34.025
1512377408,34.025
1512377410,34.025
1512377412,33.9116
1512377414,34.025
1512377416,34.025
1512377418,34.025
1512377420,34.025
1512377422,34.025
1512377424,34.025
1512377425,34.025
1512377427,34.025
1512377429,34.025
1512377431,34.025
1512377433,34.025
1512377435,33.9116
1512377437,34.025
1512377439,34.025
1512377441,34.025
1512377443,34.025
1512377445,34.025
1512377447,34.025
1512377449,33.9116
1512377450,33.9116
1512377452,33.9116
1512377454,33.9116
1512377456,33.9116
1512377458,33.9116
1512377460,33.9116
1512377463,33.9116
1512377465,33.9116
1512377467,33.9116
1512377469,33.9116
1512377471,33.9116
1512377472,33.9116
1512377474,33.9116
1512377476,33.9116
1512377478,33.9116
1512377480,33.9116
1512377482,33.9116
1512377484,33.9116
1512377486,33.9116
1512377488,33.9116
1512377490,33.9116
1512377492,33.9116
1512377494,33.9116
1512377495,33.8
1512377497,33.9116
1512377499,33.8
1512377501,33.8
1512377503,33.9116
1512377505,33.9116
1512377507,33.8
1512377509,33.9116
1512377511,33.9116
1512377513,33.9116
1512377515,33.8
1512377517,33.9116
1512377519,33.8
1512377520,33.8
1512377522,33.8
1512377524,33.8
1512377526,33.8
1512377528,33.8
1512377530,33.6866
1512377532,33.8
1512377534,33.6866
1512377536,33.8
1512377538,33.6866
1512377540,33.6866
1512377542,33.6866
1512377543,33.6866
1512377545,33.6866
1512377547,33.6866
1512377550,33.6866
1512377552,33.6866
1512377554,33.6866
1512377556,33.6866
1512377558,33.6866
1512377560,33.6866
1512377562,33.6866
1512377564,33.6866
1512377565,33.6866
1512377567,33.6866
1512377569,33.6866
1512377571,33.575
1512377573,33.575
1512377575,33.575
1512377577,33.575
1512377579,33.575
1512377581,33.6866
1512377583,33.575
1512377585,33.575
1512377587,33.575
1512377589,33.575
1512377590,33.575
1512377592,33.575
1512377594,33.575
1512377596,33.575
1512377598,33.575
1512377600,33.575
1512377602,33.575
1512377604,33.575
1512377606,33.575
1512377608,33.575
1512377610,33.575
1512377612,33.575
1512377613,33.575
1512377615,33.575
1512377617,33.575
1512377619,33.575
1512377621,33.575
1512377623,33.575
1512377625,33.575
1512377627,33.575
1512377629,33.575
1512377631,33.575
1512377633,33.575
1512377635,33.575
1512377637,33.4616
1512377638,33.4616
1512377640,33.4616
1512377642,33.4616
1512377644,33.4616
1512377646,33.4616
1512377648,33.4616
1512377650,33.4616
1512377652,33.4616
1512377654,33.4616
1512377656,33.4616
1512377658,33.4616
1512377660,33.4616
1512377661,33.4616
1512377663,33.4616
1512377665,33.575
1512377667,33.575
1512377669,33.575
1512377671,33.575
1512377673,33.575
1512377675,33.6866
1512377677,33.6866
1512377679,33.6866
1512377681,33.6866
1512377683,33.6866
1512377685,33.6866
1512377686,33.6866
1512377688,33.8
1512377690,33.8
1512377692,33.8
1512377694,33.9116
1512377696,33.9116
1512377698,33.9116
1512377700,34.025
1512377702,34.025
1512377704,34.025
1512377706,34.025
1512377708,34.1366
1512377709,34.1366
1512377711,34.1366
1512377713,34.1366
1512377715,34.25
1512377718,34.25
1512377720,34.25
1512377722,34.25
1512377724,34.25
1512377726,34.25
1512377728,34.25
1512377730,34.25
1512377731,34.25
1512377733,34.3616
1512377735,34.3616
1512377737,34.3616
1512377739,34.3616
1512377741,34.3616
1512377743,34.3616
1512377745,34.3616
1512377747,34.3616
1512377749,34.3616
1512377751,34.3616
1512377753,34.475
1512377755,34.3616
1512377756,34.475
1512377758,34.3616
1512377760,34.3616
1512377762,34.475
1512377764,34.475
1512377766,34.475
1512377768,34.475
1512377770,34.475
1512377772,34.475
1512377774,34.475
1512377776,34.475
1512377778,34.475
1512377779,34.475
1512377781,34.475
1512377783,34.475
1512377786,34.3616
1512377788,34.3616
1512377790,34.3616
1512377792,34.3616
1512377794,34.3616
1512377796,34.3616
1512377798,34.3616
1512377800,34.3616
1512377801,34.3616
1512377803,34.3616
1512377805,34.3616
1512377807,34.3616
1512377809,34.3616
1512377811,34.3616
1512377813,34.3616
1512377815,34.3616
1512377817,34.3616
1512377819,34.3616
1512377821,34.475
1512377823,34.475
1512377825,34.3616
1512377826,34.3616
1512377828,34.3616
1512377830,34.3616
1512377832,34.3616
1512377834,34.3616
1512377836,34.3616
1512377838,34.3616
1512377840,34.3616
1512377842,34.3616
1512377844,34.3616
1512377846,34.3616
1512377848,34.3616
1512377849,34.3616
1512377851,34.3616
1512377853,34.3616
1512377855,34.3616
1512377857,34.3616
1512377859,34.3616
1512377861,34.3616
1512377863,34.3616
1512377865,34.3616
                                                                                                                                                                                       1592366543,51.236599999999996
1592366545,51.236599999999996
1592366547,51.236599999999996
1592366549,51.236599999999996
1592366553,51.236599999999996
1592366555,51.236599999999996
1592366557,51.236599999999996
1592366559,51.236599999999996
1592366561,51.35
1592366563,51.35
1592366564,51.236599999999996
1592366566,51.236599999999996
1592366568,51.236599999999996
1592366570,51.236599999999996
1592366572,51.236599999999996
1592366574,51.35
1592366576,51.35
1592366578,51.35
1592366580,51.35
1592366582,51.35
1592366584,51.35
1592366586,51.35
1592366587,51.35
1592366589,51.35
1592366591,51.35
1592366593,51.35
1592366595,51.35
1592366597,51.35
1592366599,51.35
1592366601,51.35
1592366603,51.35
1592366605,51.35
1592366607,51.236599999999996
1592366609,51.35
1592366611,51.35
1592366613,51.35
1592366615,51.35
1592366617,51.236599999999996
1592366618,51.35
1592366629,51.236599999999996
1592366631,51.236599999999996
1592366633,51.236599999999996
1592366635,51.236599999999996
1592366636,51.236599999999996
1592366638,51.35
1592366642,51.236599999999996
1592366644,51.236599999999996
1592366646,51.236599999999996
1592366648,51.236599999999996
1592366650,51.35
1592366652,51.236599999999996
1592366653,51.236599999999996
1592366655,51.35
1592366657,51.35
1592366659,51.35
1592366661,51.35
1592366663,51.35
1592366665,51.35
1592366667,51.35
1592366669,51.35
1592366671,51.35
1592366673,51.35
1592366675,51.35
1592366677,51.236599999999996
1592366678,51.236599999999996
1592366680,51.236599999999996
1592366682,51.236599999999996
1592366684,51.236599999999996
1592366686,51.236599999999996
1592366688,51.236599999999996
1592366690,51.236599999999996
1592366692,51.236599999999996
1592366694,51.236599999999996
1592366696,51.236599999999996
1592366699,51.236599999999996
1592366701,51.236599999999996
1592366702,51.236599999999996
1592366704,51.236599999999996
1592366706,51.236599999999996
1592366708,51.236599999999996
1592366710,51.236599999999996
1592366712,51.236599999999996
1592366714,51.236599999999996
1592366716,51.236599999999996
1592366718,51.236599999999996
1592366720,51.236599999999996
1592366722,51.236599999999996
1592366724,51.236599999999996
1592366726,51.35
1592366728,51.35
1592366730,51.236599999999996
1592366732,51.35
1592366734,51.236599999999996
1592366736,51.35
1592366738,51.236599999999996
1592366740,51.236599999999996
1592366742,51.236599999999996
1592366744,51.236599999999996
1592366746,51.35
1592366748,51.236599999999996
1592366750,51.236599999999996
1592366752,51.236599999999996
1592366754,51.236599999999996
1592366756,51.236599999999996
1592366757,51.236599999999996
1592366759,51.236599999999996
1592366766,51.236599999999996
1592366769,51.236599999999996
1592366771,51.236599999999996
1592366773,51.236599999999996
1592366775,51.236599999999996
1592366776,51.236599999999996
1592366778,51.125
1592366780,51.236599999999996
1592366782,51.236599999999996
1592366784,51.236599999999996
1592366786,51.236599999999996
1592366788,51.236599999999996
1592366790,51.125
1592366792,51.236599999999996
1592366794,51.125
1592366796,51.125
1592366798,51.125
1592366799,51.125
1592366801,51.125
1592366803,51.125
1592366805,51.125
1592366807,51.125
1592366809,51.125
1592366811,51.125
1592366813,51.125
1592366815,51.125
1592366820,51.125
1592366822,51.125
1592366824,51.125
1592366826,51.125
1592366828,51.125
1592366831,51.125
1592366834,51.125
1592366835,51.125
1592366837,51.125
1592366839,51.125
1592366841,51.125
1592366843,51.125
1592366845,51.125
1592366848,51.125
1592366850,51.125
1592366854,51.125
1592366855,51.125
1592366857,51.0116
1592366859,51.125
1592366861,51.125
1592366863,51.125
1592366866,51.125
1592366868,51.125
1592366870,51.125
1592366872,51.125
1592366874,51.0116
1592366876,51.125
1592366878,51.125
1592366880,51.0116
1592366881,51.0116
1592366883,51.0116
1592366887,51.0116
1592366889,51.0116
1592366891,51.0116
1592366892,51.0116
1592366894,51.0116
1592366896,51.0116
1592366898,51.0116
1592366900,51.0116
1592366902,51.0116
1592366904,51.0116
1592366907,51.0116
1592366909,51.0116
1592366911,51.0116
1592366913,51.0116
1592366914,51.0116
1592366916,51.0116
1592366918,51.0116
1592366920,51.0116
1592366922,51.0116
1592366924,51.0116
1592366927,51.0116
1592366930,51.0116
1592366932,51.0116
1592366933,51.0116
1592366936,51.0116
1592366939,51.0116
1592366941,51.0116
1592366943,51.0116
1592366945,51.0116
1592366947,51.0116
1592366949,51.0116
1592366951,51.0116
1592366953,51.0116
1592366955,51.0116
1592366956,51.0116
1592366958,51.0116
1592366960,51.0116
1592366962,51.0116
1592366964,51.0116
1592366966,51.0116
1592366968,51.0116
1592366970,51.0116
1592366972,51.0116
1592366974,51.0116
1592366976,51.0116
1592366978,51.0116
1592366980,51.0116
1592366982,51.0116
1592366984,51.0116
1592366985,51.125
1592366987,51.0116
1592366989,51.0116
1592366991,51.0116
1592366993,51.0116
1592366995,51.0116
1592366997,51.0116
1592366999,51.0116
1592367001,51.0116
1592367003,51.0116
1592367005,51.0116
1592367007,51.0116
1592367009,51.0116
1592367010,51.0116
1592367012,51.0116
1592367015,50.9
1592367017,50.9
1592367019,50.9
1592367021,51.0116
1592367023,50.9
1592367025,51.0116
1592367027,51.0116
1592367029,50.9
1592367031,50.9
1592367033,50.9
1597899322,65.075
1597899324,65.1866
1597899326,65.1866
